[double3(15.512000000000,0.000000000000,0.000000000000),double3(0.000000000000,13.795300000000,0.000000000000),double3(0.000000000000,0.000000000000,13.019900000000)]

double3(0.122260000000,0.245065000000,0.218665000000),
double3(0.111545000000,0.119285000000,0.292885000000),
double3(0.111350000000,0.009100000000,0.087850000000),
double3(0.093350000000,0.121050000000,0.172250000000),
double3(0.098750000000,0.163900000000,0.210250000000),
double3(0.133650000000,0.046500000000,0.051350000000),
double3(0.105450000000,0.465900000000,0.050550000000),
double3(0.104500000000,0.076800000000,0.207050000000),
double3(0.140750000000,0.496100000000,0.132050000000),
double3(0.127050000000,0.125900000000,0.128400000000),
double3(0.047600000000,0.119350000000,0.153000000000),
double3(0.068700000000,0.026700000000,0.106750000000),
double3(0.372260000000,0.495065000000,0.218665000000),
double3(0.361545000000,0.369285000000,0.292885000000),
double3(0.361350000000,0.259100000000,0.087850000000),
double3(0.343350000000,0.371050000000,0.172250000000),
double3(0.348750000000,0.413900000000,0.210250000000),
double3(0.383650000000,0.296500000000,0.051350000000),
double3(0.355450000000,0.215900000000,0.050550000000),
double3(0.354500000000,0.326800000000,0.207050000000),
double3(0.390750000000,0.246100000000,0.132050000000),
double3(0.377050000000,0.375900000000,0.128400000000),
double3(0.297600000000,0.369350000000,0.153000000000),
double3(0.318700000000,0.276700000000,0.106750000000),
double3(0.377740000000,0.254935000000,0.468665000000),
double3(0.388455000000,0.380715000000,0.042885000000),
double3(0.388650000000,0.490900000000,0.337850000000),
double3(0.406650000000,0.378950000000,0.422250000000),
double3(0.401250000000,0.336100000000,0.460250000000),
double3(0.366350000000,0.453500000000,0.301350000000),
double3(0.394550000000,0.034100000000,0.300550000000),
double3(0.395500000000,0.423200000000,0.457050000000),
double3(0.359250000000,0.003900000000,0.382050000000),
double3(0.372950000000,0.374100000000,0.378400000000),
double3(0.452400000000,0.380650000000,0.403000000000),
double3(0.431300000000,0.473300000000,0.356750000000),
double3(0.127740000000,0.004935000000,0.468665000000),
double3(0.138455000000,0.130715000000,0.042885000000),
double3(0.138650000000,0.240900000000,0.337850000000),
double3(0.156650000000,0.128950000000,0.422250000000),
double3(0.151250000000,0.086100000000,0.460250000000),
double3(0.116350000000,0.203500000000,0.301350000000),
double3(0.144550000000,0.284100000000,0.300550000000),
double3(0.145500000000,0.173200000000,0.457050000000),
double3(0.109250000000,0.253900000000,0.382050000000),
double3(0.122950000000,0.124100000000,0.378400000000),
double3(0.202400000000,0.130650000000,0.403000000000),
double3(0.181300000000,0.223300000000,0.356750000000),
double3(0.122260000000,0.254935000000,0.468665000000),
double3(0.111545000000,0.380715000000,0.042885000000),
double3(0.111350000000,0.490900000000,0.337850000000),
double3(0.093350000000,0.378950000000,0.422250000000),
double3(0.098750000000,0.336100000000,0.460250000000),
double3(0.133650000000,0.453500000000,0.301350000000),
double3(0.105450000000,0.034100000000,0.300550000000),
double3(0.104500000000,0.423200000000,0.457050000000),
double3(0.140750000000,0.003900000000,0.382050000000),
double3(0.127050000000,0.374100000000,0.378400000000),
double3(0.047600000000,0.380650000000,0.403000000000),
double3(0.068700000000,0.473300000000,0.356750000000),
double3(0.372260000000,0.004935000000,0.468665000000),
double3(0.361545000000,0.130715000000,0.042885000000),
double3(0.361350000000,0.240900000000,0.337850000000),
double3(0.343350000000,0.128950000000,0.422250000000),
double3(0.348750000000,0.086100000000,0.460250000000),
double3(0.383650000000,0.203500000000,0.301350000000),
double3(0.355450000000,0.284100000000,0.300550000000),
double3(0.354500000000,0.173200000000,0.457050000000),
double3(0.390750000000,0.253900000000,0.382050000000),
double3(0.377050000000,0.124100000000,0.378400000000),
double3(0.297600000000,0.130650000000,0.403000000000),
double3(0.318700000000,0.223300000000,0.356750000000),
double3(0.377740000000,0.245065000000,0.218665000000),
double3(0.388455000000,0.119285000000,0.292885000000),
double3(0.388650000000,0.009100000000,0.087850000000),
double3(0.406650000000,0.121050000000,0.172250000000),
double3(0.401250000000,0.163900000000,0.210250000000),
double3(0.366350000000,0.046500000000,0.051350000000),
double3(0.394550000000,0.465900000000,0.050550000000),
double3(0.395500000000,0.076800000000,0.207050000000),
double3(0.359250000000,0.496100000000,0.132050000000),
double3(0.372950000000,0.125900000000,0.128400000000),
double3(0.452400000000,0.119350000000,0.153000000000),
double3(0.431300000000,0.026700000000,0.106750000000),
double3(0.127740000000,0.495065000000,0.218665000000),
double3(0.138455000000,0.369285000000,0.292885000000),
double3(0.138650000000,0.259100000000,0.087850000000),
double3(0.156650000000,0.371050000000,0.172250000000),
double3(0.151250000000,0.413900000000,0.210250000000),
double3(0.116350000000,0.296500000000,0.051350000000),
double3(0.144550000000,0.215900000000,0.050550000000),
double3(0.145500000000,0.326800000000,0.207050000000),
double3(0.109250000000,0.246100000000,0.132050000000),
double3(0.122950000000,0.375900000000,0.128400000000),
double3(0.202400000000,0.369350000000,0.153000000000),
double3(0.181300000000,0.276700000000,0.106750000000),
double3(0.000000000000,0.058060000000,0.121970000000),
double3(0.250000000000,0.308060000000,0.121970000000),
double3(0.000000000000,0.441940000000,0.371970000000),
double3(0.250000000000,0.191940000000,0.371970000000),
double3(0.122260000000,0.245065000000,0.718665000000),
double3(0.111545000000,0.119285000000,0.792885000000),
double3(0.111350000000,0.009100000000,0.587850000000),
double3(0.093350000000,0.121050000000,0.672250000000),
double3(0.098750000000,0.163900000000,0.710250000000),
double3(0.133650000000,0.046500000000,0.551350000000),
double3(0.105450000000,0.465900000000,0.550550000000),
double3(0.104500000000,0.076800000000,0.707050000000),
double3(0.140750000000,0.496100000000,0.632050000000),
double3(0.127050000000,0.125900000000,0.628400000000),
double3(0.047600000000,0.119350000000,0.653000000000),
double3(0.068700000000,0.026700000000,0.606750000000),
double3(0.372260000000,0.495065000000,0.718665000000),
double3(0.361545000000,0.369285000000,0.792885000000),
double3(0.361350000000,0.259100000000,0.587850000000),
double3(0.343350000000,0.371050000000,0.672250000000),
double3(0.348750000000,0.413900000000,0.710250000000),
double3(0.383650000000,0.296500000000,0.551350000000),
double3(0.355450000000,0.215900000000,0.550550000000),
double3(0.354500000000,0.326800000000,0.707050000000),
double3(0.390750000000,0.246100000000,0.632050000000),
double3(0.377050000000,0.375900000000,0.628400000000),
double3(0.297600000000,0.369350000000,0.653000000000),
double3(0.318700000000,0.276700000000,0.606750000000),
double3(0.377740000000,0.254935000000,0.968665000000),
double3(0.388455000000,0.380715000000,0.542885000000),
double3(0.388650000000,0.490900000000,0.837850000000),
double3(0.406650000000,0.378950000000,0.922250000000),
double3(0.401250000000,0.336100000000,0.960250000000),
double3(0.366350000000,0.453500000000,0.801350000000),
double3(0.394550000000,0.034100000000,0.800550000000),
double3(0.395500000000,0.423200000000,0.957050000000),
double3(0.359250000000,0.003900000000,0.882050000000),
double3(0.372950000000,0.374100000000,0.878400000000),
double3(0.452400000000,0.380650000000,0.903000000000),
double3(0.431300000000,0.473300000000,0.856750000000),
double3(0.127740000000,0.004935000000,0.968665000000),
double3(0.138455000000,0.130715000000,0.542885000000),
double3(0.138650000000,0.240900000000,0.837850000000),
double3(0.156650000000,0.128950000000,0.922250000000),
double3(0.151250000000,0.086100000000,0.960250000000),
double3(0.116350000000,0.203500000000,0.801350000000),
double3(0.144550000000,0.284100000000,0.800550000000),
double3(0.145500000000,0.173200000000,0.957050000000),
double3(0.109250000000,0.253900000000,0.882050000000),
double3(0.122950000000,0.124100000000,0.878400000000),
double3(0.202400000000,0.130650000000,0.903000000000),
double3(0.181300000000,0.223300000000,0.856750000000),
double3(0.122260000000,0.254935000000,0.968665000000),
double3(0.111545000000,0.380715000000,0.542885000000),
double3(0.111350000000,0.490900000000,0.837850000000),
double3(0.093350000000,0.378950000000,0.922250000000),
double3(0.098750000000,0.336100000000,0.960250000000),
double3(0.133650000000,0.453500000000,0.801350000000),
double3(0.105450000000,0.034100000000,0.800550000000),
double3(0.104500000000,0.423200000000,0.957050000000),
double3(0.140750000000,0.003900000000,0.882050000000),
double3(0.127050000000,0.374100000000,0.878400000000),
double3(0.047600000000,0.380650000000,0.903000000000),
double3(0.068700000000,0.473300000000,0.856750000000),
double3(0.372260000000,0.004935000000,0.968665000000),
double3(0.361545000000,0.130715000000,0.542885000000),
double3(0.361350000000,0.240900000000,0.837850000000),
double3(0.343350000000,0.128950000000,0.922250000000),
double3(0.348750000000,0.086100000000,0.960250000000),
double3(0.383650000000,0.203500000000,0.801350000000),
double3(0.355450000000,0.284100000000,0.800550000000),
double3(0.354500000000,0.173200000000,0.957050000000),
double3(0.390750000000,0.253900000000,0.882050000000),
double3(0.377050000000,0.124100000000,0.878400000000),
double3(0.297600000000,0.130650000000,0.903000000000),
double3(0.318700000000,0.223300000000,0.856750000000),
double3(0.377740000000,0.245065000000,0.718665000000),
double3(0.388455000000,0.119285000000,0.792885000000),
double3(0.388650000000,0.009100000000,0.587850000000),
double3(0.406650000000,0.121050000000,0.672250000000),
double3(0.401250000000,0.163900000000,0.710250000000),
double3(0.366350000000,0.046500000000,0.551350000000),
double3(0.394550000000,0.465900000000,0.550550000000),
double3(0.395500000000,0.076800000000,0.707050000000),
double3(0.359250000000,0.496100000000,0.632050000000),
double3(0.372950000000,0.125900000000,0.628400000000),
double3(0.452400000000,0.119350000000,0.653000000000),
double3(0.431300000000,0.026700000000,0.606750000000),
double3(0.127740000000,0.495065000000,0.718665000000),
double3(0.138455000000,0.369285000000,0.792885000000),
double3(0.138650000000,0.259100000000,0.587850000000),
double3(0.156650000000,0.371050000000,0.672250000000),
double3(0.151250000000,0.413900000000,0.710250000000),
double3(0.116350000000,0.296500000000,0.551350000000),
double3(0.144550000000,0.215900000000,0.550550000000),
double3(0.145500000000,0.326800000000,0.707050000000),
double3(0.109250000000,0.246100000000,0.632050000000),
double3(0.122950000000,0.375900000000,0.628400000000),
double3(0.202400000000,0.369350000000,0.653000000000),
double3(0.181300000000,0.276700000000,0.606750000000),
double3(0.000000000000,0.058060000000,0.621970000000),
double3(0.250000000000,0.308060000000,0.621970000000),
double3(0.000000000000,0.441940000000,0.871970000000),
double3(0.250000000000,0.191940000000,0.871970000000),
double3(0.122260000000,0.745065000000,0.218665000000),
double3(0.111545000000,0.619285000000,0.292885000000),
double3(0.111350000000,0.509100000000,0.087850000000),
double3(0.093350000000,0.621050000000,0.172250000000),
double3(0.098750000000,0.663900000000,0.210250000000),
double3(0.133650000000,0.546500000000,0.051350000000),
double3(0.105450000000,0.965900000000,0.050550000000),
double3(0.104500000000,0.576800000000,0.207050000000),
double3(0.140750000000,0.996100000000,0.132050000000),
double3(0.127050000000,0.625900000000,0.128400000000),
double3(0.047600000000,0.619350000000,0.153000000000),
double3(0.068700000000,0.526700000000,0.106750000000),
double3(0.372260000000,0.995065000000,0.218665000000),
double3(0.361545000000,0.869285000000,0.292885000000),
double3(0.361350000000,0.759100000000,0.087850000000),
double3(0.343350000000,0.871050000000,0.172250000000),
double3(0.348750000000,0.913900000000,0.210250000000),
double3(0.383650000000,0.796500000000,0.051350000000),
double3(0.355450000000,0.715900000000,0.050550000000),
double3(0.354500000000,0.826800000000,0.207050000000),
double3(0.390750000000,0.746100000000,0.132050000000),
double3(0.377050000000,0.875900000000,0.128400000000),
double3(0.297600000000,0.869350000000,0.153000000000),
double3(0.318700000000,0.776700000000,0.106750000000),
double3(0.377740000000,0.754935000000,0.468665000000),
double3(0.388455000000,0.880715000000,0.042885000000),
double3(0.388650000000,0.990900000000,0.337850000000),
double3(0.406650000000,0.878950000000,0.422250000000),
double3(0.401250000000,0.836100000000,0.460250000000),
double3(0.366350000000,0.953500000000,0.301350000000),
double3(0.394550000000,0.534100000000,0.300550000000),
double3(0.395500000000,0.923200000000,0.457050000000),
double3(0.359250000000,0.503900000000,0.382050000000),
double3(0.372950000000,0.874100000000,0.378400000000),
double3(0.452400000000,0.880650000000,0.403000000000),
double3(0.431300000000,0.973300000000,0.356750000000),
double3(0.127740000000,0.504935000000,0.468665000000),
double3(0.138455000000,0.630715000000,0.042885000000),
double3(0.138650000000,0.740900000000,0.337850000000),
double3(0.156650000000,0.628950000000,0.422250000000),
double3(0.151250000000,0.586100000000,0.460250000000),
double3(0.116350000000,0.703500000000,0.301350000000),
double3(0.144550000000,0.784100000000,0.300550000000),
double3(0.145500000000,0.673200000000,0.457050000000),
double3(0.109250000000,0.753900000000,0.382050000000),
double3(0.122950000000,0.624100000000,0.378400000000),
double3(0.202400000000,0.630650000000,0.403000000000),
double3(0.181300000000,0.723300000000,0.356750000000),
double3(0.122260000000,0.754935000000,0.468665000000),
double3(0.111545000000,0.880715000000,0.042885000000),
double3(0.111350000000,0.990900000000,0.337850000000),
double3(0.093350000000,0.878950000000,0.422250000000),
double3(0.098750000000,0.836100000000,0.460250000000),
double3(0.133650000000,0.953500000000,0.301350000000),
double3(0.105450000000,0.534100000000,0.300550000000),
double3(0.104500000000,0.923200000000,0.457050000000),
double3(0.140750000000,0.503900000000,0.382050000000),
double3(0.127050000000,0.874100000000,0.378400000000),
double3(0.047600000000,0.880650000000,0.403000000000),
double3(0.068700000000,0.973300000000,0.356750000000),
double3(0.372260000000,0.504935000000,0.468665000000),
double3(0.361545000000,0.630715000000,0.042885000000),
double3(0.361350000000,0.740900000000,0.337850000000),
double3(0.343350000000,0.628950000000,0.422250000000),
double3(0.348750000000,0.586100000000,0.460250000000),
double3(0.383650000000,0.703500000000,0.301350000000),
double3(0.355450000000,0.784100000000,0.300550000000),
double3(0.354500000000,0.673200000000,0.457050000000),
double3(0.390750000000,0.753900000000,0.382050000000),
double3(0.377050000000,0.624100000000,0.378400000000),
double3(0.297600000000,0.630650000000,0.403000000000),
double3(0.318700000000,0.723300000000,0.356750000000),
double3(0.377740000000,0.745065000000,0.218665000000),
double3(0.388455000000,0.619285000000,0.292885000000),
double3(0.388650000000,0.509100000000,0.087850000000),
double3(0.406650000000,0.621050000000,0.172250000000),
double3(0.401250000000,0.663900000000,0.210250000000),
double3(0.366350000000,0.546500000000,0.051350000000),
double3(0.394550000000,0.965900000000,0.050550000000),
double3(0.395500000000,0.576800000000,0.207050000000),
double3(0.359250000000,0.996100000000,0.132050000000),
double3(0.372950000000,0.625900000000,0.128400000000),
double3(0.452400000000,0.619350000000,0.153000000000),
double3(0.431300000000,0.526700000000,0.106750000000),
double3(0.127740000000,0.995065000000,0.218665000000),
double3(0.138455000000,0.869285000000,0.292885000000),
double3(0.138650000000,0.759100000000,0.087850000000),
double3(0.156650000000,0.871050000000,0.172250000000),
double3(0.151250000000,0.913900000000,0.210250000000),
double3(0.116350000000,0.796500000000,0.051350000000),
double3(0.144550000000,0.715900000000,0.050550000000),
double3(0.145500000000,0.826800000000,0.207050000000),
double3(0.109250000000,0.746100000000,0.132050000000),
double3(0.122950000000,0.875900000000,0.128400000000),
double3(0.202400000000,0.869350000000,0.153000000000),
double3(0.181300000000,0.776700000000,0.106750000000),
double3(0.000000000000,0.558060000000,0.121970000000),
double3(0.250000000000,0.808060000000,0.121970000000),
double3(0.000000000000,0.941940000000,0.371970000000),
double3(0.250000000000,0.691940000000,0.371970000000),
double3(0.122260000000,0.745065000000,0.718665000000),
double3(0.111545000000,0.619285000000,0.792885000000),
double3(0.111350000000,0.509100000000,0.587850000000),
double3(0.093350000000,0.621050000000,0.672250000000),
double3(0.098750000000,0.663900000000,0.710250000000),
double3(0.133650000000,0.546500000000,0.551350000000),
double3(0.105450000000,0.965900000000,0.550550000000),
double3(0.104500000000,0.576800000000,0.707050000000),
double3(0.140750000000,0.996100000000,0.632050000000),
double3(0.127050000000,0.625900000000,0.628400000000),
double3(0.047600000000,0.619350000000,0.653000000000),
double3(0.068700000000,0.526700000000,0.606750000000),
double3(0.372260000000,0.995065000000,0.718665000000),
double3(0.361545000000,0.869285000000,0.792885000000),
double3(0.361350000000,0.759100000000,0.587850000000),
double3(0.343350000000,0.871050000000,0.672250000000),
double3(0.348750000000,0.913900000000,0.710250000000),
double3(0.383650000000,0.796500000000,0.551350000000),
double3(0.355450000000,0.715900000000,0.550550000000),
double3(0.354500000000,0.826800000000,0.707050000000),
double3(0.390750000000,0.746100000000,0.632050000000),
double3(0.377050000000,0.875900000000,0.628400000000),
double3(0.297600000000,0.869350000000,0.653000000000),
double3(0.318700000000,0.776700000000,0.606750000000),
double3(0.377740000000,0.754935000000,0.968665000000),
double3(0.388455000000,0.880715000000,0.542885000000),
double3(0.388650000000,0.990900000000,0.837850000000),
double3(0.406650000000,0.878950000000,0.922250000000),
double3(0.401250000000,0.836100000000,0.960250000000),
double3(0.366350000000,0.953500000000,0.801350000000),
double3(0.394550000000,0.534100000000,0.800550000000),
double3(0.395500000000,0.923200000000,0.957050000000),
double3(0.359250000000,0.503900000000,0.882050000000),
double3(0.372950000000,0.874100000000,0.878400000000),
double3(0.452400000000,0.880650000000,0.903000000000),
double3(0.431300000000,0.973300000000,0.856750000000),
double3(0.127740000000,0.504935000000,0.968665000000),
double3(0.138455000000,0.630715000000,0.542885000000),
double3(0.138650000000,0.740900000000,0.837850000000),
double3(0.156650000000,0.628950000000,0.922250000000),
double3(0.151250000000,0.586100000000,0.960250000000),
double3(0.116350000000,0.703500000000,0.801350000000),
double3(0.144550000000,0.784100000000,0.800550000000),
double3(0.145500000000,0.673200000000,0.957050000000),
double3(0.109250000000,0.753900000000,0.882050000000),
double3(0.122950000000,0.624100000000,0.878400000000),
double3(0.202400000000,0.630650000000,0.903000000000),
double3(0.181300000000,0.723300000000,0.856750000000),
double3(0.122260000000,0.754935000000,0.968665000000),
double3(0.111545000000,0.880715000000,0.542885000000),
double3(0.111350000000,0.990900000000,0.837850000000),
double3(0.093350000000,0.878950000000,0.922250000000),
double3(0.098750000000,0.836100000000,0.960250000000),
double3(0.133650000000,0.953500000000,0.801350000000),
double3(0.105450000000,0.534100000000,0.800550000000),
double3(0.104500000000,0.923200000000,0.957050000000),
double3(0.140750000000,0.503900000000,0.882050000000),
double3(0.127050000000,0.874100000000,0.878400000000),
double3(0.047600000000,0.880650000000,0.903000000000),
double3(0.068700000000,0.973300000000,0.856750000000),
double3(0.372260000000,0.504935000000,0.968665000000),
double3(0.361545000000,0.630715000000,0.542885000000),
double3(0.361350000000,0.740900000000,0.837850000000),
double3(0.343350000000,0.628950000000,0.922250000000),
double3(0.348750000000,0.586100000000,0.960250000000),
double3(0.383650000000,0.703500000000,0.801350000000),
double3(0.355450000000,0.784100000000,0.800550000000),
double3(0.354500000000,0.673200000000,0.957050000000),
double3(0.390750000000,0.753900000000,0.882050000000),
double3(0.377050000000,0.624100000000,0.878400000000),
double3(0.297600000000,0.630650000000,0.903000000000),
double3(0.318700000000,0.723300000000,0.856750000000),
double3(0.377740000000,0.745065000000,0.718665000000),
double3(0.388455000000,0.619285000000,0.792885000000),
double3(0.388650000000,0.509100000000,0.587850000000),
double3(0.406650000000,0.621050000000,0.672250000000),
double3(0.401250000000,0.663900000000,0.710250000000),
double3(0.366350000000,0.546500000000,0.551350000000),
double3(0.394550000000,0.965900000000,0.550550000000),
double3(0.395500000000,0.576800000000,0.707050000000),
double3(0.359250000000,0.996100000000,0.632050000000),
double3(0.372950000000,0.625900000000,0.628400000000),
double3(0.452400000000,0.619350000000,0.653000000000),
double3(0.431300000000,0.526700000000,0.606750000000),
double3(0.127740000000,0.995065000000,0.718665000000),
double3(0.138455000000,0.869285000000,0.792885000000),
double3(0.138650000000,0.759100000000,0.587850000000),
double3(0.156650000000,0.871050000000,0.672250000000),
double3(0.151250000000,0.913900000000,0.710250000000),
double3(0.116350000000,0.796500000000,0.551350000000),
double3(0.144550000000,0.715900000000,0.550550000000),
double3(0.145500000000,0.826800000000,0.707050000000),
double3(0.109250000000,0.746100000000,0.632050000000),
double3(0.122950000000,0.875900000000,0.628400000000),
double3(0.202400000000,0.869350000000,0.653000000000),
double3(0.181300000000,0.776700000000,0.606750000000),
double3(0.000000000000,0.558060000000,0.621970000000),
double3(0.250000000000,0.808060000000,0.621970000000),
double3(0.000000000000,0.941940000000,0.871970000000),
double3(0.250000000000,0.691940000000,0.871970000000),
double3(0.622260000000,0.245065000000,0.218665000000),
double3(0.611545000000,0.119285000000,0.292885000000),
double3(0.611350000000,0.009100000000,0.087850000000),
double3(0.593350000000,0.121050000000,0.172250000000),
double3(0.598750000000,0.163900000000,0.210250000000),
double3(0.633650000000,0.046500000000,0.051350000000),
double3(0.605450000000,0.465900000000,0.050550000000),
double3(0.604500000000,0.076800000000,0.207050000000),
double3(0.640750000000,0.496100000000,0.132050000000),
double3(0.627050000000,0.125900000000,0.128400000000),
double3(0.547600000000,0.119350000000,0.153000000000),
double3(0.568700000000,0.026700000000,0.106750000000),
double3(0.872260000000,0.495065000000,0.218665000000),
double3(0.861545000000,0.369285000000,0.292885000000),
double3(0.861350000000,0.259100000000,0.087850000000),
double3(0.843350000000,0.371050000000,0.172250000000),
double3(0.848750000000,0.413900000000,0.210250000000),
double3(0.883650000000,0.296500000000,0.051350000000),
double3(0.855450000000,0.215900000000,0.050550000000),
double3(0.854500000000,0.326800000000,0.207050000000),
double3(0.890750000000,0.246100000000,0.132050000000),
double3(0.877050000000,0.375900000000,0.128400000000),
double3(0.797600000000,0.369350000000,0.153000000000),
double3(0.818700000000,0.276700000000,0.106750000000),
double3(0.877740000000,0.254935000000,0.468665000000),
double3(0.888455000000,0.380715000000,0.042885000000),
double3(0.888650000000,0.490900000000,0.337850000000),
double3(0.906650000000,0.378950000000,0.422250000000),
double3(0.901250000000,0.336100000000,0.460250000000),
double3(0.866350000000,0.453500000000,0.301350000000),
double3(0.894550000000,0.034100000000,0.300550000000),
double3(0.895500000000,0.423200000000,0.457050000000),
double3(0.859250000000,0.003900000000,0.382050000000),
double3(0.872950000000,0.374100000000,0.378400000000),
double3(0.952400000000,0.380650000000,0.403000000000),
double3(0.931300000000,0.473300000000,0.356750000000),
double3(0.627740000000,0.004935000000,0.468665000000),
double3(0.638455000000,0.130715000000,0.042885000000),
double3(0.638650000000,0.240900000000,0.337850000000),
double3(0.656650000000,0.128950000000,0.422250000000),
double3(0.651250000000,0.086100000000,0.460250000000),
double3(0.616350000000,0.203500000000,0.301350000000),
double3(0.644550000000,0.284100000000,0.300550000000),
double3(0.645500000000,0.173200000000,0.457050000000),
double3(0.609250000000,0.253900000000,0.382050000000),
double3(0.622950000000,0.124100000000,0.378400000000),
double3(0.702400000000,0.130650000000,0.403000000000),
double3(0.681300000000,0.223300000000,0.356750000000),
double3(0.622260000000,0.254935000000,0.468665000000),
double3(0.611545000000,0.380715000000,0.042885000000),
double3(0.611350000000,0.490900000000,0.337850000000),
double3(0.593350000000,0.378950000000,0.422250000000),
double3(0.598750000000,0.336100000000,0.460250000000),
double3(0.633650000000,0.453500000000,0.301350000000),
double3(0.605450000000,0.034100000000,0.300550000000),
double3(0.604500000000,0.423200000000,0.457050000000),
double3(0.640750000000,0.003900000000,0.382050000000),
double3(0.627050000000,0.374100000000,0.378400000000),
double3(0.547600000000,0.380650000000,0.403000000000),
double3(0.568700000000,0.473300000000,0.356750000000),
double3(0.872260000000,0.004935000000,0.468665000000),
double3(0.861545000000,0.130715000000,0.042885000000),
double3(0.861350000000,0.240900000000,0.337850000000),
double3(0.843350000000,0.128950000000,0.422250000000),
double3(0.848750000000,0.086100000000,0.460250000000),
double3(0.883650000000,0.203500000000,0.301350000000),
double3(0.855450000000,0.284100000000,0.300550000000),
double3(0.854500000000,0.173200000000,0.457050000000),
double3(0.890750000000,0.253900000000,0.382050000000),
double3(0.877050000000,0.124100000000,0.378400000000),
double3(0.797600000000,0.130650000000,0.403000000000),
double3(0.818700000000,0.223300000000,0.356750000000),
double3(0.877740000000,0.245065000000,0.218665000000),
double3(0.888455000000,0.119285000000,0.292885000000),
double3(0.888650000000,0.009100000000,0.087850000000),
double3(0.906650000000,0.121050000000,0.172250000000),
double3(0.901250000000,0.163900000000,0.210250000000),
double3(0.866350000000,0.046500000000,0.051350000000),
double3(0.894550000000,0.465900000000,0.050550000000),
double3(0.895500000000,0.076800000000,0.207050000000),
double3(0.859250000000,0.496100000000,0.132050000000),
double3(0.872950000000,0.125900000000,0.128400000000),
double3(0.952400000000,0.119350000000,0.153000000000),
double3(0.931300000000,0.026700000000,0.106750000000),
double3(0.627740000000,0.495065000000,0.218665000000),
double3(0.638455000000,0.369285000000,0.292885000000),
double3(0.638650000000,0.259100000000,0.087850000000),
double3(0.656650000000,0.371050000000,0.172250000000),
double3(0.651250000000,0.413900000000,0.210250000000),
double3(0.616350000000,0.296500000000,0.051350000000),
double3(0.644550000000,0.215900000000,0.050550000000),
double3(0.645500000000,0.326800000000,0.207050000000),
double3(0.609250000000,0.246100000000,0.132050000000),
double3(0.622950000000,0.375900000000,0.128400000000),
double3(0.702400000000,0.369350000000,0.153000000000),
double3(0.681300000000,0.276700000000,0.106750000000),
double3(0.500000000000,0.058060000000,0.121970000000),
double3(0.750000000000,0.308060000000,0.121970000000),
double3(0.500000000000,0.441940000000,0.371970000000),
double3(0.750000000000,0.191940000000,0.371970000000),
double3(0.622260000000,0.245065000000,0.718665000000),
double3(0.611545000000,0.119285000000,0.792885000000),
double3(0.611350000000,0.009100000000,0.587850000000),
double3(0.593350000000,0.121050000000,0.672250000000),
double3(0.598750000000,0.163900000000,0.710250000000),
double3(0.633650000000,0.046500000000,0.551350000000),
double3(0.605450000000,0.465900000000,0.550550000000),
double3(0.604500000000,0.076800000000,0.707050000000),
double3(0.640750000000,0.496100000000,0.632050000000),
double3(0.627050000000,0.125900000000,0.628400000000),
double3(0.547600000000,0.119350000000,0.653000000000),
double3(0.568700000000,0.026700000000,0.606750000000),
double3(0.872260000000,0.495065000000,0.718665000000),
double3(0.861545000000,0.369285000000,0.792885000000),
double3(0.861350000000,0.259100000000,0.587850000000),
double3(0.843350000000,0.371050000000,0.672250000000),
double3(0.848750000000,0.413900000000,0.710250000000),
double3(0.883650000000,0.296500000000,0.551350000000),
double3(0.855450000000,0.215900000000,0.550550000000),
double3(0.854500000000,0.326800000000,0.707050000000),
double3(0.890750000000,0.246100000000,0.632050000000),
double3(0.877050000000,0.375900000000,0.628400000000),
double3(0.797600000000,0.369350000000,0.653000000000),
double3(0.818700000000,0.276700000000,0.606750000000),
double3(0.877740000000,0.254935000000,0.968665000000),
double3(0.888455000000,0.380715000000,0.542885000000),
double3(0.888650000000,0.490900000000,0.837850000000),
double3(0.906650000000,0.378950000000,0.922250000000),
double3(0.901250000000,0.336100000000,0.960250000000),
double3(0.866350000000,0.453500000000,0.801350000000),
double3(0.894550000000,0.034100000000,0.800550000000),
double3(0.895500000000,0.423200000000,0.957050000000),
double3(0.859250000000,0.003900000000,0.882050000000),
double3(0.872950000000,0.374100000000,0.878400000000),
double3(0.952400000000,0.380650000000,0.903000000000),
double3(0.931300000000,0.473300000000,0.856750000000),
double3(0.627740000000,0.004935000000,0.968665000000),
double3(0.638455000000,0.130715000000,0.542885000000),
double3(0.638650000000,0.240900000000,0.837850000000),
double3(0.656650000000,0.128950000000,0.922250000000),
double3(0.651250000000,0.086100000000,0.960250000000),
double3(0.616350000000,0.203500000000,0.801350000000),
double3(0.644550000000,0.284100000000,0.800550000000),
double3(0.645500000000,0.173200000000,0.957050000000),
double3(0.609250000000,0.253900000000,0.882050000000),
double3(0.622950000000,0.124100000000,0.878400000000),
double3(0.702400000000,0.130650000000,0.903000000000),
double3(0.681300000000,0.223300000000,0.856750000000),
double3(0.622260000000,0.254935000000,0.968665000000),
double3(0.611545000000,0.380715000000,0.542885000000),
double3(0.611350000000,0.490900000000,0.837850000000),
double3(0.593350000000,0.378950000000,0.922250000000),
double3(0.598750000000,0.336100000000,0.960250000000),
double3(0.633650000000,0.453500000000,0.801350000000),
double3(0.605450000000,0.034100000000,0.800550000000),
double3(0.604500000000,0.423200000000,0.957050000000),
double3(0.640750000000,0.003900000000,0.882050000000),
double3(0.627050000000,0.374100000000,0.878400000000),
double3(0.547600000000,0.380650000000,0.903000000000),
double3(0.568700000000,0.473300000000,0.856750000000),
double3(0.872260000000,0.004935000000,0.968665000000),
double3(0.861545000000,0.130715000000,0.542885000000),
double3(0.861350000000,0.240900000000,0.837850000000),
double3(0.843350000000,0.128950000000,0.922250000000),
double3(0.848750000000,0.086100000000,0.960250000000),
double3(0.883650000000,0.203500000000,0.801350000000),
double3(0.855450000000,0.284100000000,0.800550000000),
double3(0.854500000000,0.173200000000,0.957050000000),
double3(0.890750000000,0.253900000000,0.882050000000),
double3(0.877050000000,0.124100000000,0.878400000000),
double3(0.797600000000,0.130650000000,0.903000000000),
double3(0.818700000000,0.223300000000,0.856750000000),
double3(0.877740000000,0.245065000000,0.718665000000),
double3(0.888455000000,0.119285000000,0.792885000000),
double3(0.888650000000,0.009100000000,0.587850000000),
double3(0.906650000000,0.121050000000,0.672250000000),
double3(0.901250000000,0.163900000000,0.710250000000),
double3(0.866350000000,0.046500000000,0.551350000000),
double3(0.894550000000,0.465900000000,0.550550000000),
double3(0.895500000000,0.076800000000,0.707050000000),
double3(0.859250000000,0.496100000000,0.632050000000),
double3(0.872950000000,0.125900000000,0.628400000000),
double3(0.952400000000,0.119350000000,0.653000000000),
double3(0.931300000000,0.026700000000,0.606750000000),
double3(0.627740000000,0.495065000000,0.718665000000),
double3(0.638455000000,0.369285000000,0.792885000000),
double3(0.638650000000,0.259100000000,0.587850000000),
double3(0.656650000000,0.371050000000,0.672250000000),
double3(0.651250000000,0.413900000000,0.710250000000),
double3(0.616350000000,0.296500000000,0.551350000000),
double3(0.644550000000,0.215900000000,0.550550000000),
double3(0.645500000000,0.326800000000,0.707050000000),
double3(0.609250000000,0.246100000000,0.632050000000),
double3(0.622950000000,0.375900000000,0.628400000000),
double3(0.702400000000,0.369350000000,0.653000000000),
double3(0.681300000000,0.276700000000,0.606750000000),
double3(0.500000000000,0.058060000000,0.621970000000),
double3(0.750000000000,0.308060000000,0.621970000000),
double3(0.500000000000,0.441940000000,0.871970000000),
double3(0.750000000000,0.191940000000,0.871970000000),
double3(0.622260000000,0.745065000000,0.218665000000),
double3(0.611545000000,0.619285000000,0.292885000000),
double3(0.611350000000,0.509100000000,0.087850000000),
double3(0.593350000000,0.621050000000,0.172250000000),
double3(0.598750000000,0.663900000000,0.210250000000),
double3(0.633650000000,0.546500000000,0.051350000000),
double3(0.605450000000,0.965900000000,0.050550000000),
double3(0.604500000000,0.576800000000,0.207050000000),
double3(0.640750000000,0.996100000000,0.132050000000),
double3(0.627050000000,0.625900000000,0.128400000000),
double3(0.547600000000,0.619350000000,0.153000000000),
double3(0.568700000000,0.526700000000,0.106750000000),
double3(0.872260000000,0.995065000000,0.218665000000),
double3(0.861545000000,0.869285000000,0.292885000000),
double3(0.861350000000,0.759100000000,0.087850000000),
double3(0.843350000000,0.871050000000,0.172250000000),
double3(0.848750000000,0.913900000000,0.210250000000),
double3(0.883650000000,0.796500000000,0.051350000000),
double3(0.855450000000,0.715900000000,0.050550000000),
double3(0.854500000000,0.826800000000,0.207050000000),
double3(0.890750000000,0.746100000000,0.132050000000),
double3(0.877050000000,0.875900000000,0.128400000000),
double3(0.797600000000,0.869350000000,0.153000000000),
double3(0.818700000000,0.776700000000,0.106750000000),
double3(0.877740000000,0.754935000000,0.468665000000),
double3(0.888455000000,0.880715000000,0.042885000000),
double3(0.888650000000,0.990900000000,0.337850000000),
double3(0.906650000000,0.878950000000,0.422250000000),
double3(0.901250000000,0.836100000000,0.460250000000),
double3(0.866350000000,0.953500000000,0.301350000000),
double3(0.894550000000,0.534100000000,0.300550000000),
double3(0.895500000000,0.923200000000,0.457050000000),
double3(0.859250000000,0.503900000000,0.382050000000),
double3(0.872950000000,0.874100000000,0.378400000000),
double3(0.952400000000,0.880650000000,0.403000000000),
double3(0.931300000000,0.973300000000,0.356750000000),
double3(0.627740000000,0.504935000000,0.468665000000),
double3(0.638455000000,0.630715000000,0.042885000000),
double3(0.638650000000,0.740900000000,0.337850000000),
double3(0.656650000000,0.628950000000,0.422250000000),
double3(0.651250000000,0.586100000000,0.460250000000),
double3(0.616350000000,0.703500000000,0.301350000000),
double3(0.644550000000,0.784100000000,0.300550000000),
double3(0.645500000000,0.673200000000,0.457050000000),
double3(0.609250000000,0.753900000000,0.382050000000),
double3(0.622950000000,0.624100000000,0.378400000000),
double3(0.702400000000,0.630650000000,0.403000000000),
double3(0.681300000000,0.723300000000,0.356750000000),
double3(0.622260000000,0.754935000000,0.468665000000),
double3(0.611545000000,0.880715000000,0.042885000000),
double3(0.611350000000,0.990900000000,0.337850000000),
double3(0.593350000000,0.878950000000,0.422250000000),
double3(0.598750000000,0.836100000000,0.460250000000),
double3(0.633650000000,0.953500000000,0.301350000000),
double3(0.605450000000,0.534100000000,0.300550000000),
double3(0.604500000000,0.923200000000,0.457050000000),
double3(0.640750000000,0.503900000000,0.382050000000),
double3(0.627050000000,0.874100000000,0.378400000000),
double3(0.547600000000,0.880650000000,0.403000000000),
double3(0.568700000000,0.973300000000,0.356750000000),
double3(0.872260000000,0.504935000000,0.468665000000),
double3(0.861545000000,0.630715000000,0.042885000000),
double3(0.861350000000,0.740900000000,0.337850000000),
double3(0.843350000000,0.628950000000,0.422250000000),
double3(0.848750000000,0.586100000000,0.460250000000),
double3(0.883650000000,0.703500000000,0.301350000000),
double3(0.855450000000,0.784100000000,0.300550000000),
double3(0.854500000000,0.673200000000,0.457050000000),
double3(0.890750000000,0.753900000000,0.382050000000),
double3(0.877050000000,0.624100000000,0.378400000000),
double3(0.797600000000,0.630650000000,0.403000000000),
double3(0.818700000000,0.723300000000,0.356750000000),
double3(0.877740000000,0.745065000000,0.218665000000),
double3(0.888455000000,0.619285000000,0.292885000000),
double3(0.888650000000,0.509100000000,0.087850000000),
double3(0.906650000000,0.621050000000,0.172250000000),
double3(0.901250000000,0.663900000000,0.210250000000),
double3(0.866350000000,0.546500000000,0.051350000000),
double3(0.894550000000,0.965900000000,0.050550000000),
double3(0.895500000000,0.576800000000,0.207050000000),
double3(0.859250000000,0.996100000000,0.132050000000),
double3(0.872950000000,0.625900000000,0.128400000000),
double3(0.952400000000,0.619350000000,0.153000000000),
double3(0.931300000000,0.526700000000,0.106750000000),
double3(0.627740000000,0.995065000000,0.218665000000),
double3(0.638455000000,0.869285000000,0.292885000000),
double3(0.638650000000,0.759100000000,0.087850000000),
double3(0.656650000000,0.871050000000,0.172250000000),
double3(0.651250000000,0.913900000000,0.210250000000),
double3(0.616350000000,0.796500000000,0.051350000000),
double3(0.644550000000,0.715900000000,0.050550000000),
double3(0.645500000000,0.826800000000,0.207050000000),
double3(0.609250000000,0.746100000000,0.132050000000),
double3(0.622950000000,0.875900000000,0.128400000000),
double3(0.702400000000,0.869350000000,0.153000000000),
double3(0.681300000000,0.776700000000,0.106750000000),
double3(0.500000000000,0.558060000000,0.121970000000),
double3(0.750000000000,0.808060000000,0.121970000000),
double3(0.500000000000,0.941940000000,0.371970000000),
double3(0.750000000000,0.691940000000,0.371970000000),
double3(0.622260000000,0.745065000000,0.718665000000),
double3(0.611545000000,0.619285000000,0.792885000000),
double3(0.611350000000,0.509100000000,0.587850000000),
double3(0.593350000000,0.621050000000,0.672250000000),
double3(0.598750000000,0.663900000000,0.710250000000),
double3(0.633650000000,0.546500000000,0.551350000000),
double3(0.605450000000,0.965900000000,0.550550000000),
double3(0.604500000000,0.576800000000,0.707050000000),
double3(0.640750000000,0.996100000000,0.632050000000),
double3(0.627050000000,0.625900000000,0.628400000000),
double3(0.547600000000,0.619350000000,0.653000000000),
double3(0.568700000000,0.526700000000,0.606750000000),
double3(0.872260000000,0.995065000000,0.718665000000),
double3(0.861545000000,0.869285000000,0.792885000000),
double3(0.861350000000,0.759100000000,0.587850000000),
double3(0.843350000000,0.871050000000,0.672250000000),
double3(0.848750000000,0.913900000000,0.710250000000),
double3(0.883650000000,0.796500000000,0.551350000000),
double3(0.855450000000,0.715900000000,0.550550000000),
double3(0.854500000000,0.826800000000,0.707050000000),
double3(0.890750000000,0.746100000000,0.632050000000),
double3(0.877050000000,0.875900000000,0.628400000000),
double3(0.797600000000,0.869350000000,0.653000000000),
double3(0.818700000000,0.776700000000,0.606750000000),
double3(0.877740000000,0.754935000000,0.968665000000),
double3(0.888455000000,0.880715000000,0.542885000000),
double3(0.888650000000,0.990900000000,0.837850000000),
double3(0.906650000000,0.878950000000,0.922250000000),
double3(0.901250000000,0.836100000000,0.960250000000),
double3(0.866350000000,0.953500000000,0.801350000000),
double3(0.894550000000,0.534100000000,0.800550000000),
double3(0.895500000000,0.923200000000,0.957050000000),
double3(0.859250000000,0.503900000000,0.882050000000),
double3(0.872950000000,0.874100000000,0.878400000000),
double3(0.952400000000,0.880650000000,0.903000000000),
double3(0.931300000000,0.973300000000,0.856750000000),
double3(0.627740000000,0.504935000000,0.968665000000),
double3(0.638455000000,0.630715000000,0.542885000000),
double3(0.638650000000,0.740900000000,0.837850000000),
double3(0.656650000000,0.628950000000,0.922250000000),
double3(0.651250000000,0.586100000000,0.960250000000),
double3(0.616350000000,0.703500000000,0.801350000000),
double3(0.644550000000,0.784100000000,0.800550000000),
double3(0.645500000000,0.673200000000,0.957050000000),
double3(0.609250000000,0.753900000000,0.882050000000),
double3(0.622950000000,0.624100000000,0.878400000000),
double3(0.702400000000,0.630650000000,0.903000000000),
double3(0.681300000000,0.723300000000,0.856750000000),
double3(0.622260000000,0.754935000000,0.968665000000),
double3(0.611545000000,0.880715000000,0.542885000000),
double3(0.611350000000,0.990900000000,0.837850000000),
double3(0.593350000000,0.878950000000,0.922250000000),
double3(0.598750000000,0.836100000000,0.960250000000),
double3(0.633650000000,0.953500000000,0.801350000000),
double3(0.605450000000,0.534100000000,0.800550000000),
double3(0.604500000000,0.923200000000,0.957050000000),
double3(0.640750000000,0.503900000000,0.882050000000),
double3(0.627050000000,0.874100000000,0.878400000000),
double3(0.547600000000,0.880650000000,0.903000000000),
double3(0.568700000000,0.973300000000,0.856750000000),
double3(0.872260000000,0.504935000000,0.968665000000),
double3(0.861545000000,0.630715000000,0.542885000000),
double3(0.861350000000,0.740900000000,0.837850000000),
double3(0.843350000000,0.628950000000,0.922250000000),
double3(0.848750000000,0.586100000000,0.960250000000),
double3(0.883650000000,0.703500000000,0.801350000000),
double3(0.855450000000,0.784100000000,0.800550000000),
double3(0.854500000000,0.673200000000,0.957050000000),
double3(0.890750000000,0.753900000000,0.882050000000),
double3(0.877050000000,0.624100000000,0.878400000000),
double3(0.797600000000,0.630650000000,0.903000000000),
double3(0.818700000000,0.723300000000,0.856750000000),
double3(0.877740000000,0.745065000000,0.718665000000),
double3(0.888455000000,0.619285000000,0.792885000000),
double3(0.888650000000,0.509100000000,0.587850000000),
double3(0.906650000000,0.621050000000,0.672250000000),
double3(0.901250000000,0.663900000000,0.710250000000),
double3(0.866350000000,0.546500000000,0.551350000000),
double3(0.894550000000,0.965900000000,0.550550000000),
double3(0.895500000000,0.576800000000,0.707050000000),
double3(0.859250000000,0.996100000000,0.632050000000),
double3(0.872950000000,0.625900000000,0.628400000000),
double3(0.952400000000,0.619350000000,0.653000000000),
double3(0.931300000000,0.526700000000,0.606750000000),
double3(0.627740000000,0.995065000000,0.718665000000),
double3(0.638455000000,0.869285000000,0.792885000000),
double3(0.638650000000,0.759100000000,0.587850000000),
double3(0.656650000000,0.871050000000,0.672250000000),
double3(0.651250000000,0.913900000000,0.710250000000),
double3(0.616350000000,0.796500000000,0.551350000000),
double3(0.644550000000,0.715900000000,0.550550000000),
double3(0.645500000000,0.826800000000,0.707050000000),
double3(0.609250000000,0.746100000000,0.632050000000),
double3(0.622950000000,0.875900000000,0.628400000000),
double3(0.702400000000,0.869350000000,0.653000000000),
double3(0.681300000000,0.776700000000,0.606750000000),
double3(0.500000000000,0.558060000000,0.621970000000),
double3(0.750000000000,0.808060000000,0.621970000000),
double3(0.500000000000,0.941940000000,0.871970000000),
double3(0.750000000000,0.691940000000,0.871970000000),
