[double3(34.313800000000,0.000000000000,0.000000000000),double3(17.156900000000,29.716622500378,0.000000000000),double3(17.156900000000,9.905540833459,28.017100378638)]

double3(0.523150000000,0.926610000000,0.476850000000),
double3(0.976850000000,0.426610000000,0.023150000000),
double3(0.073390000000,0.523150000000,0.476850000000),
double3(0.573390000000,0.426610000000,0.976850000000),
double3(0.926610000000,0.476850000000,0.523150000000),
double3(0.976850000000,0.573390000000,0.426610000000),
double3(0.926610000000,0.523150000000,0.073390000000),
double3(0.573390000000,0.976850000000,0.023150000000),
double3(0.023150000000,0.573390000000,0.976850000000),
double3(0.926610000000,0.073390000000,0.476850000000),
double3(0.523150000000,0.476850000000,0.073390000000),
double3(0.476850000000,0.926610000000,0.073390000000),
double3(0.426610000000,0.023150000000,0.976850000000),
double3(0.073390000000,0.926610000000,0.523150000000),
double3(0.523150000000,0.073390000000,0.926610000000),
double3(0.426610000000,0.976850000000,0.573390000000),
double3(0.073390000000,0.476850000000,0.926610000000),
double3(0.573390000000,0.023150000000,0.426610000000),
double3(0.426610000000,0.573390000000,0.023150000000),
double3(0.023150000000,0.976850000000,0.426610000000),
double3(0.476850000000,0.073390000000,0.523150000000),
double3(0.023150000000,0.426610000000,0.573390000000),
double3(0.476850000000,0.523150000000,0.926610000000),
double3(0.976850000000,0.023150000000,0.573390000000),
double3(0.826200000000,0.039200000000,0.445800000000),
double3(0.438900000000,0.768500000000,0.798700000000),
double3(0.807400000000,0.904400000000,0.719000000000),
double3(0.192600000000,0.281000000000,0.430800000000),
double3(0.692600000000,0.781000000000,0.595600000000),
double3(0.731500000000,0.701300000000,0.506100000000),
double3(0.460500000000,0.229500000000,0.123500000000),
double3(0.539800000000,0.072800000000,0.334200000000),
double3(0.688800000000,0.826200000000,0.445800000000),
double3(0.904400000000,0.719000000000,0.807400000000),
double3(0.668800000000,0.003400000000,0.102400000000),
double3(0.957400000000,0.640400000000,0.625600000000),
double3(0.874400000000,0.542600000000,0.723400000000),
double3(0.946800000000,0.927200000000,0.460200000000),
double3(0.768500000000,0.438900000000,0.993900000000),
double3(0.781000000000,0.692600000000,0.930800000000),
double3(0.298700000000,0.268500000000,0.938900000000),
double3(0.857600000000,0.448000000000,0.263000000000),
double3(0.111600000000,0.187600000000,0.648400000000),
double3(0.542700000000,0.749700000000,0.005300000000),
double3(0.005300000000,0.542700000000,0.749700000000),
double3(0.168800000000,0.602400000000,0.503400000000),
double3(0.397600000000,0.831200000000,0.274600000000),
double3(0.173800000000,0.554200000000,0.311200000000),
double3(0.702300000000,0.005300000000,0.749700000000),
double3(0.750300000000,0.797700000000,0.957300000000),
double3(0.496600000000,0.831200000000,0.397600000000),
double3(0.542700000000,0.005300000000,0.702300000000),
double3(0.960500000000,0.686500000000,0.623500000000),
double3(0.311200000000,0.173800000000,0.554200000000),
double3(0.908800000000,0.221400000000,0.376400000000),
double3(0.721400000000,0.993400000000,0.408800000000),
double3(0.729100000000,0.506900000000,0.666700000000),
double3(0.188800000000,0.326200000000,0.539200000000),
double3(0.168800000000,0.725400000000,0.602400000000),
double3(0.946800000000,0.460200000000,0.665800000000),
double3(0.447600000000,0.851600000000,0.388400000000),
double3(0.569200000000,0.719000000000,0.904400000000),
double3(0.876400000000,0.408800000000,0.993400000000),
double3(0.569200000000,0.807400000000,0.719000000000),
double3(0.201300000000,0.006100000000,0.561100000000),
double3(0.249700000000,0.042700000000,0.505300000000),
double3(0.701100000000,0.840900000000,0.957700000000),
double3(0.506900000000,0.097300000000,0.666700000000),
double3(0.602400000000,0.168800000000,0.725400000000),
double3(0.278600000000,0.006600000000,0.591200000000),
double3(0.553200000000,0.572800000000,0.834200000000),
double3(0.831200000000,0.496600000000,0.274600000000),
double3(0.763000000000,0.357600000000,0.931400000000),
double3(0.307400000000,0.404400000000,0.069200000000),
double3(0.202300000000,0.505300000000,0.042700000000),
double3(0.797700000000,0.750300000000,0.494700000000),
double3(0.460500000000,0.186500000000,0.229500000000),
double3(0.237000000000,0.642400000000,0.068600000000),
double3(0.874400000000,0.723400000000,0.859600000000),
double3(0.831200000000,0.397600000000,0.496600000000),
double3(0.763000000000,0.948000000000,0.357600000000),
double3(0.376400000000,0.908800000000,0.221400000000),
double3(0.061100000000,0.506100000000,0.701300000000),
double3(0.448000000000,0.431400000000,0.263000000000),
double3(0.298900000000,0.159100000000,0.042300000000),
double3(0.500300000000,0.701100000000,0.957700000000),
double3(0.493400000000,0.376400000000,0.221400000000),
double3(0.006600000000,0.123600000000,0.591200000000),
double3(0.960200000000,0.446800000000,0.165800000000),
double3(0.648400000000,0.187600000000,0.052400000000),
double3(0.686500000000,0.729500000000,0.623500000000),
double3(0.173800000000,0.960800000000,0.554200000000),
double3(0.312400000000,0.447600000000,0.388400000000),
double3(0.357600000000,0.931400000000,0.763000000000),
double3(0.999700000000,0.542300000000,0.798900000000),
double3(0.595600000000,0.930800000000,0.692600000000),
double3(0.957400000000,0.625600000000,0.776600000000),
double3(0.125600000000,0.140400000000,0.457400000000),
double3(0.595600000000,0.781000000000,0.930800000000),
double3(0.688800000000,0.039200000000,0.826200000000),
double3(0.388400000000,0.447600000000,0.851600000000),
double3(0.542300000000,0.659100000000,0.798900000000),
double3(0.091200000000,0.506600000000,0.778600000000),
double3(0.201100000000,0.457700000000,0.340900000000),
double3(0.125600000000,0.276600000000,0.140400000000),
double3(0.408800000000,0.876400000000,0.721400000000),
double3(0.068600000000,0.642400000000,0.052000000000),
double3(0.166700000000,0.597300000000,0.006900000000),
double3(0.542600000000,0.723400000000,0.874400000000),
double3(0.687600000000,0.552400000000,0.611600000000),
double3(0.159100000000,0.042300000000,0.298900000000),
double3(0.701300000000,0.506100000000,0.731500000000),
double3(0.039800000000,0.553200000000,0.834200000000),
double3(0.640400000000,0.957400000000,0.776600000000),
double3(0.445800000000,0.688800000000,0.826200000000),
double3(0.642400000000,0.068600000000,0.237000000000),
double3(0.091200000000,0.778600000000,0.623600000000),
double3(0.102400000000,0.668800000000,0.003400000000),
double3(0.359600000000,0.374400000000,0.042600000000),
double3(0.957400000000,0.776600000000,0.640400000000),
double3(0.826200000000,0.688800000000,0.039200000000),
double3(0.042300000000,0.499700000000,0.298900000000),
double3(0.994700000000,0.250300000000,0.297700000000),
double3(0.506900000000,0.729100000000,0.097300000000),
double3(0.539200000000,0.188800000000,0.326200000000),
double3(0.770500000000,0.813500000000,0.876500000000),
double3(0.460200000000,0.946800000000,0.927200000000),
double3(0.774600000000,0.897600000000,0.996600000000),
double3(0.774600000000,0.331200000000,0.897600000000),
double3(0.597300000000,0.229100000000,0.006900000000),
double3(0.148400000000,0.552400000000,0.687600000000),
double3(0.069200000000,0.404400000000,0.219000000000),
double3(0.229500000000,0.186500000000,0.123500000000),
double3(0.591200000000,0.123600000000,0.278600000000),
double3(0.221400000000,0.908800000000,0.493400000000),
double3(0.326200000000,0.188800000000,0.945800000000),
double3(0.042700000000,0.505300000000,0.249700000000),
double3(0.006100000000,0.201300000000,0.231500000000),
double3(0.359600000000,0.042600000000,0.223400000000),
double3(0.000300000000,0.457700000000,0.201100000000),
double3(0.223400000000,0.042600000000,0.374400000000),
double3(0.297700000000,0.457300000000,0.994700000000),
double3(0.539500000000,0.813500000000,0.770500000000),
double3(0.312400000000,0.388400000000,0.851600000000),
double3(0.312400000000,0.851600000000,0.447600000000),
double3(0.938900000000,0.268500000000,0.493900000000),
double3(0.908800000000,0.493400000000,0.221400000000),
double3(0.072800000000,0.539800000000,0.053200000000),
double3(0.840900000000,0.500300000000,0.957700000000),
double3(0.948000000000,0.931400000000,0.357600000000),
double3(0.851600000000,0.388400000000,0.447600000000),
double3(0.404400000000,0.219000000000,0.069200000000),
double3(0.268500000000,0.298700000000,0.493900000000),
double3(0.374400000000,0.042600000000,0.359600000000),
double3(0.993100000000,0.402700000000,0.770900000000),
double3(0.270900000000,0.902700000000,0.493100000000),
double3(0.069200000000,0.307400000000,0.404400000000),
double3(0.202300000000,0.249700000000,0.505300000000),
double3(0.202300000000,0.042700000000,0.249700000000),
double3(0.072800000000,0.334200000000,0.539800000000),
double3(0.460200000000,0.927200000000,0.665800000000),
double3(0.006900000000,0.166700000000,0.597300000000),
double3(0.297700000000,0.994700000000,0.250300000000),
double3(0.770900000000,0.833300000000,0.993100000000),
double3(0.623500000000,0.960500000000,0.686500000000),
double3(0.687600000000,0.148400000000,0.552400000000),
double3(0.948000000000,0.763000000000,0.931400000000),
double3(0.123600000000,0.278600000000,0.591200000000),
double3(0.237000000000,0.052000000000,0.642400000000),
double3(0.334200000000,0.072800000000,0.053200000000),
double3(0.225400000000,0.668800000000,0.102400000000),
double3(0.833300000000,0.770900000000,0.402700000000),
double3(0.091200000000,0.623600000000,0.506600000000),
double3(0.750300000000,0.957300000000,0.494700000000),
double3(0.701300000000,0.731500000000,0.061100000000),
double3(0.781000000000,0.595600000000,0.692600000000),
double3(0.623500000000,0.686500000000,0.729500000000),
double3(0.123500000000,0.186500000000,0.460500000000),
double3(0.311200000000,0.554200000000,0.960800000000),
double3(0.930800000000,0.595600000000,0.781000000000),
double3(0.446800000000,0.427200000000,0.165800000000),
double3(0.542300000000,0.999700000000,0.659100000000),
double3(0.326200000000,0.945800000000,0.539200000000),
double3(0.539500000000,0.770500000000,0.876500000000),
double3(0.930800000000,0.781000000000,0.692600000000),
double3(0.039800000000,0.834200000000,0.572800000000),
double3(0.388400000000,0.851600000000,0.312400000000),
double3(0.874400000000,0.859600000000,0.542600000000),
double3(0.268500000000,0.938900000000,0.298700000000),
double3(0.165800000000,0.427200000000,0.960200000000),
double3(0.397600000000,0.274600000000,0.496600000000),
double3(0.054200000000,0.811200000000,0.460800000000),
double3(0.042600000000,0.223400000000,0.359600000000),
double3(0.250300000000,0.457300000000,0.297700000000),
double3(0.111600000000,0.648400000000,0.052400000000),
double3(0.812400000000,0.947600000000,0.351600000000),
double3(0.659100000000,0.999700000000,0.798900000000),
double3(0.807400000000,0.569200000000,0.904400000000),
double3(0.438900000000,0.993900000000,0.768500000000),
double3(0.102400000000,0.003400000000,0.225400000000),
double3(0.298900000000,0.499700000000,0.159100000000),
double3(0.648400000000,0.052400000000,0.111600000000),
double3(0.223400000000,0.359600000000,0.042600000000),
double3(0.142400000000,0.552000000000,0.737000000000),
double3(0.313500000000,0.270500000000,0.376500000000),
double3(0.006600000000,0.591200000000,0.278600000000),
double3(0.039200000000,0.688800000000,0.445800000000),
double3(0.993400000000,0.876400000000,0.408800000000),
double3(0.731500000000,0.061100000000,0.701300000000),
double3(0.333300000000,0.270900000000,0.493100000000),
double3(0.219000000000,0.307400000000,0.069200000000),
double3(0.187600000000,0.052400000000,0.648400000000),
double3(0.659100000000,0.542300000000,0.999700000000),
double3(0.039200000000,0.445800000000,0.826200000000),
double3(0.457300000000,0.994700000000,0.297700000000),
double3(0.768500000000,0.993900000000,0.798700000000),
double3(0.376500000000,0.039500000000,0.313500000000),
double3(0.268500000000,0.493900000000,0.938900000000),
double3(0.095600000000,0.281000000000,0.192600000000),
double3(0.148400000000,0.687600000000,0.611600000000),
double3(0.569200000000,0.904400000000,0.807400000000),
double3(0.553200000000,0.039800000000,0.572800000000),
double3(0.539500000000,0.876500000000,0.813500000000),
double3(0.931400000000,0.763000000000,0.357600000000),
double3(0.876500000000,0.539500000000,0.770500000000),
double3(0.061100000000,0.731500000000,0.506100000000),
double3(0.770500000000,0.539500000000,0.813500000000),
double3(0.833300000000,0.402700000000,0.993100000000),
double3(0.957700000000,0.840900000000,0.500300000000),
double3(0.994700000000,0.457300000000,0.250300000000),
double3(0.770900000000,0.993100000000,0.402700000000),
double3(0.859600000000,0.874400000000,0.723400000000),
double3(0.960800000000,0.173800000000,0.311200000000),
double3(0.673800000000,0.460800000000,0.811200000000),
double3(0.408800000000,0.721400000000,0.993400000000),
double3(0.993100000000,0.833300000000,0.402700000000),
double3(0.897600000000,0.331200000000,0.996600000000),
double3(0.908800000000,0.376400000000,0.493400000000),
double3(0.811200000000,0.460800000000,0.054200000000),
double3(0.186500000000,0.123500000000,0.229500000000),
double3(0.625600000000,0.640400000000,0.776600000000),
double3(0.102400000000,0.225400000000,0.668800000000),
double3(0.053200000000,0.334200000000,0.072800000000),
double3(0.665800000000,0.946800000000,0.460200000000),
double3(0.457300000000,0.250300000000,0.994700000000),
double3(0.542300000000,0.798900000000,0.999700000000),
double3(0.749700000000,0.005300000000,0.542700000000),
double3(0.431400000000,0.448000000000,0.857600000000),
double3(0.039200000000,0.826200000000,0.688800000000),
double3(0.331200000000,0.774600000000,0.996600000000),
double3(0.737000000000,0.142400000000,0.552000000000),
double3(0.721400000000,0.876400000000,0.993400000000),
double3(0.623500000000,0.729500000000,0.960500000000),
double3(0.052000000000,0.642400000000,0.237000000000),
double3(0.376500000000,0.270500000000,0.039500000000),
double3(0.438900000000,0.798700000000,0.993900000000),
double3(0.186500000000,0.460500000000,0.123500000000),
double3(0.168800000000,0.503400000000,0.725400000000),
double3(0.960500000000,0.623500000000,0.729500000000),
double3(0.947600000000,0.351600000000,0.812400000000),
double3(0.902700000000,0.270900000000,0.333300000000),
double3(0.460800000000,0.673800000000,0.054200000000),
double3(0.888400000000,0.947600000000,0.812400000000),
double3(0.307400000000,0.219000000000,0.404400000000),
double3(0.052400000000,0.187600000000,0.111600000000),
double3(0.331200000000,0.897600000000,0.774600000000),
double3(0.591200000000,0.006600000000,0.123600000000),
double3(0.798700000000,0.993900000000,0.438900000000),
double3(0.042700000000,0.249700000000,0.202300000000),
double3(0.642400000000,0.237000000000,0.052000000000),
double3(0.042300000000,0.298900000000,0.159100000000),
double3(0.729100000000,0.097300000000,0.506900000000),
double3(0.457400000000,0.125600000000,0.140400000000),
double3(0.957300000000,0.494700000000,0.750300000000),
double3(0.431400000000,0.857600000000,0.263000000000),
double3(0.270900000000,0.333300000000,0.902700000000),
double3(0.840900000000,0.701100000000,0.500300000000),
double3(0.270500000000,0.039500000000,0.376500000000),
double3(0.274600000000,0.831200000000,0.496600000000),
double3(0.960800000000,0.311200000000,0.554200000000),
double3(0.351600000000,0.812400000000,0.947600000000),
double3(0.231500000000,0.006100000000,0.201300000000),
double3(0.376400000000,0.221400000000,0.493400000000),
double3(0.159100000000,0.298900000000,0.499700000000),
double3(0.281000000000,0.430800000000,0.192600000000),
double3(0.811200000000,0.673800000000,0.460800000000),
double3(0.957700000000,0.500300000000,0.701100000000),
double3(0.813500000000,0.876500000000,0.770500000000),
double3(0.042700000000,0.202300000000,0.505300000000),
double3(0.068600000000,0.052000000000,0.237000000000),
double3(0.668800000000,0.225400000000,0.003400000000),
double3(0.270500000000,0.313500000000,0.039500000000),
double3(0.221400000000,0.493400000000,0.376400000000),
double3(0.192600000000,0.430800000000,0.095600000000),
double3(0.642400000000,0.052000000000,0.068600000000),
double3(0.148400000000,0.611600000000,0.552400000000),
double3(0.749700000000,0.702300000000,0.005300000000),
double3(0.927200000000,0.460200000000,0.946800000000),
double3(0.807400000000,0.719000000000,0.569200000000),
double3(0.313500000000,0.376500000000,0.039500000000),
double3(0.561100000000,0.006100000000,0.231500000000),
double3(0.572800000000,0.553200000000,0.039800000000),
double3(0.123600000000,0.006600000000,0.278600000000),
double3(0.500300000000,0.957700000000,0.840900000000),
double3(0.229100000000,0.166700000000,0.006900000000),
double3(0.960800000000,0.554200000000,0.173800000000),
double3(0.270900000000,0.493100000000,0.333300000000),
double3(0.561100000000,0.201300000000,0.006100000000),
double3(0.503400000000,0.725400000000,0.168800000000),
double3(0.097300000000,0.666700000000,0.506900000000),
double3(0.402700000000,0.770900000000,0.993100000000),
double3(0.061100000000,0.701300000000,0.731500000000),
double3(0.052400000000,0.111600000000,0.648400000000),
double3(0.673800000000,0.054200000000,0.460800000000),
double3(0.859600000000,0.723400000000,0.542600000000),
double3(0.187600000000,0.648400000000,0.111600000000),
double3(0.263000000000,0.857600000000,0.448000000000),
double3(0.542600000000,0.874400000000,0.859600000000),
double3(0.357600000000,0.763000000000,0.948000000000),
double3(0.960200000000,0.427200000000,0.446800000000),
double3(0.666700000000,0.506900000000,0.097300000000),
double3(0.376400000000,0.493400000000,0.908800000000),
double3(0.552400000000,0.687600000000,0.148400000000),
double3(0.692600000000,0.930800000000,0.781000000000),
double3(0.591200000000,0.278600000000,0.006600000000),
double3(0.229500000000,0.123500000000,0.460500000000),
double3(0.494700000000,0.797700000000,0.750300000000),
double3(0.165800000000,0.446800000000,0.427200000000),
double3(0.229100000000,0.597300000000,0.166700000000),
double3(0.776600000000,0.957400000000,0.625600000000),
double3(0.553200000000,0.834200000000,0.039800000000),
double3(0.812400000000,0.888400000000,0.947600000000),
double3(0.506600000000,0.623600000000,0.778600000000),
double3(0.494700000000,0.750300000000,0.957300000000),
double3(0.552000000000,0.568600000000,0.737000000000),
double3(0.042300000000,0.159100000000,0.499700000000),
double3(0.188800000000,0.539200000000,0.945800000000),
double3(0.554200000000,0.311200000000,0.173800000000),
double3(0.003400000000,0.225400000000,0.102400000000),
double3(0.493900000000,0.298700000000,0.938900000000),
double3(0.640400000000,0.776600000000,0.625600000000),
double3(0.493900000000,0.268500000000,0.298700000000),
double3(0.298700000000,0.938900000000,0.493900000000),
double3(0.996600000000,0.774600000000,0.897600000000),
double3(0.052000000000,0.237000000000,0.068600000000),
double3(0.945800000000,0.539200000000,0.326200000000),
double3(0.460500000000,0.123500000000,0.186500000000),
double3(0.902700000000,0.493100000000,0.270900000000),
double3(0.539200000000,0.945800000000,0.188800000000),
double3(0.568600000000,0.142400000000,0.737000000000),
double3(0.231500000000,0.201300000000,0.561100000000),
double3(0.140400000000,0.457400000000,0.125600000000),
double3(0.333300000000,0.493100000000,0.902700000000),
double3(0.446800000000,0.960200000000,0.427200000000),
double3(0.996600000000,0.897600000000,0.331200000000),
double3(0.834200000000,0.572800000000,0.039800000000),
double3(0.281000000000,0.192600000000,0.095600000000),
double3(0.249700000000,0.505300000000,0.202300000000),
double3(0.445800000000,0.826200000000,0.039200000000),
double3(0.313500000000,0.039500000000,0.270500000000),
double3(0.506100000000,0.731500000000,0.701300000000),
double3(0.851600000000,0.312400000000,0.388400000000),
double3(0.960500000000,0.729500000000,0.686500000000),
double3(0.331200000000,0.996600000000,0.897600000000),
double3(0.042600000000,0.374400000000,0.223400000000),
double3(0.460200000000,0.665800000000,0.946800000000),
double3(0.457400000000,0.140400000000,0.276600000000),
double3(0.723400000000,0.542600000000,0.859600000000),
double3(0.042600000000,0.359600000000,0.374400000000),
double3(0.851600000000,0.447600000000,0.312400000000),
double3(0.897600000000,0.774600000000,0.331200000000),
double3(0.798700000000,0.438900000000,0.768500000000),
double3(0.999700000000,0.659100000000,0.542300000000),
double3(0.250300000000,0.994700000000,0.457300000000),
double3(0.374400000000,0.359600000000,0.223400000000),
double3(0.833300000000,0.993100000000,0.770900000000),
double3(0.702300000000,0.542700000000,0.005300000000),
double3(0.351600000000,0.888400000000,0.812400000000),
double3(0.298900000000,0.042300000000,0.499700000000),
double3(0.749700000000,0.542700000000,0.702300000000),
double3(0.947600000000,0.812400000000,0.888400000000),
double3(0.427200000000,0.165800000000,0.446800000000),
double3(0.499700000000,0.159100000000,0.298900000000),
double3(0.397600000000,0.496600000000,0.831200000000),
double3(0.276600000000,0.140400000000,0.125600000000),
double3(0.994700000000,0.297700000000,0.457300000000),
double3(0.493100000000,0.333300000000,0.270900000000),
double3(0.493100000000,0.270900000000,0.902700000000),
double3(0.602400000000,0.725400000000,0.503400000000),
double3(0.052000000000,0.068600000000,0.642400000000),
double3(0.957300000000,0.797700000000,0.494700000000),
double3(0.611600000000,0.687600000000,0.552400000000),
double3(0.798700000000,0.768500000000,0.993900000000),
double3(0.552000000000,0.142400000000,0.568600000000),
double3(0.719000000000,0.904400000000,0.569200000000),
double3(0.192600000000,0.095600000000,0.281000000000),
double3(0.539800000000,0.053200000000,0.072800000000),
double3(0.278600000000,0.123600000000,0.006600000000),
double3(0.993100000000,0.770900000000,0.833300000000),
double3(0.506600000000,0.778600000000,0.091200000000),
double3(0.542600000000,0.859600000000,0.723400000000),
double3(0.731500000000,0.506100000000,0.061100000000),
double3(0.666700000000,0.729100000000,0.506900000000),
double3(0.276600000000,0.457400000000,0.140400000000),
double3(0.097300000000,0.506900000000,0.729100000000),
double3(0.701100000000,0.957700000000,0.500300000000),
double3(0.274600000000,0.397600000000,0.831200000000),
double3(0.938900000000,0.298700000000,0.268500000000),
double3(0.039800000000,0.572800000000,0.553200000000),
double3(0.812400000000,0.351600000000,0.888400000000),
double3(0.561100000000,0.231500000000,0.201300000000),
double3(0.334200000000,0.053200000000,0.539800000000),
double3(0.388400000000,0.312400000000,0.447600000000),
double3(0.993900000000,0.798700000000,0.768500000000),
double3(0.552400000000,0.611600000000,0.687600000000),
double3(0.927200000000,0.946800000000,0.665800000000),
double3(0.270500000000,0.376500000000,0.313500000000),
double3(0.673800000000,0.811200000000,0.054200000000),
double3(0.876500000000,0.770500000000,0.813500000000),
double3(0.798900000000,0.999700000000,0.542300000000),
double3(0.702300000000,0.749700000000,0.542700000000),
double3(0.506100000000,0.701300000000,0.061100000000),
double3(0.993900000000,0.768500000000,0.438900000000),
double3(0.000300000000,0.340900000000,0.457700000000),
double3(0.897600000000,0.996600000000,0.774600000000),
double3(0.186500000000,0.229500000000,0.460500000000),
double3(0.298700000000,0.493900000000,0.268500000000),
double3(0.340900000000,0.000300000000,0.201100000000),
double3(0.945800000000,0.326200000000,0.188800000000),
double3(0.493900000000,0.938900000000,0.268500000000),
double3(0.505300000000,0.202300000000,0.249700000000),
double3(0.725400000000,0.602400000000,0.168800000000),
double3(0.623600000000,0.091200000000,0.778600000000),
double3(0.648400000000,0.111600000000,0.187600000000),
double3(0.750300000000,0.494700000000,0.797700000000),
double3(0.770900000000,0.402700000000,0.833300000000),
double3(0.857600000000,0.431400000000,0.448000000000),
double3(0.457300000000,0.297700000000,0.250300000000),
double3(0.039500000000,0.313500000000,0.376500000000),
double3(0.993900000000,0.438900000000,0.798700000000),
double3(0.729500000000,0.686500000000,0.960500000000),
double3(0.404400000000,0.069200000000,0.307400000000),
double3(0.159100000000,0.499700000000,0.042300000000),
double3(0.173800000000,0.311200000000,0.960800000000),
double3(0.278600000000,0.591200000000,0.123600000000),
double3(0.503400000000,0.168800000000,0.602400000000),
double3(0.688800000000,0.445800000000,0.039200000000),
double3(0.140400000000,0.276600000000,0.457400000000),
double3(0.506100000000,0.061100000000,0.731500000000),
double3(0.231500000000,0.561100000000,0.006100000000),
double3(0.446800000000,0.165800000000,0.960200000000),
double3(0.333300000000,0.902700000000,0.270900000000),
double3(0.505300000000,0.249700000000,0.042700000000),
double3(0.945800000000,0.188800000000,0.539200000000),
double3(0.408800000000,0.993400000000,0.876400000000),
double3(0.123500000000,0.229500000000,0.186500000000),
double3(0.999700000000,0.798900000000,0.659100000000),
double3(0.668800000000,0.102400000000,0.225400000000),
double3(0.811200000000,0.054200000000,0.673800000000),
double3(0.223400000000,0.374400000000,0.359600000000),
double3(0.500300000000,0.840900000000,0.701100000000),
double3(0.552000000000,0.737000000000,0.142400000000),
double3(0.813500000000,0.539500000000,0.876500000000),
double3(0.506600000000,0.091200000000,0.623600000000),
double3(0.778600000000,0.091200000000,0.506600000000),
double3(0.229100000000,0.006900000000,0.597300000000),
double3(0.140400000000,0.125600000000,0.276600000000),
double3(0.095600000000,0.430800000000,0.281000000000),
double3(0.340900000000,0.457700000000,0.000300000000),
double3(0.054200000000,0.460800000000,0.673800000000),
double3(0.263000000000,0.431400000000,0.857600000000),
double3(0.554200000000,0.173800000000,0.960800000000),
double3(0.111600000000,0.052400000000,0.187600000000),
double3(0.427200000000,0.960200000000,0.165800000000),
double3(0.957300000000,0.750300000000,0.797700000000),
double3(0.249700000000,0.202300000000,0.042700000000),
double3(0.496600000000,0.397600000000,0.274600000000),
double3(0.276600000000,0.125600000000,0.457400000000),
double3(0.003400000000,0.102400000000,0.668800000000),
double3(0.430800000000,0.095600000000,0.192600000000),
double3(0.427200000000,0.446800000000,0.960200000000),
double3(0.774600000000,0.996600000000,0.331200000000),
double3(0.460800000000,0.811200000000,0.673800000000),
double3(0.692600000000,0.595600000000,0.930800000000),
double3(0.568600000000,0.737000000000,0.552000000000),
double3(0.123600000000,0.591200000000,0.006600000000),
double3(0.448000000000,0.263000000000,0.857600000000),
double3(0.834200000000,0.553200000000,0.572800000000),
double3(0.221400000000,0.376400000000,0.908800000000),
double3(0.797700000000,0.494700000000,0.957300000000),
double3(0.039500000000,0.270500000000,0.313500000000),
double3(0.326200000000,0.539200000000,0.188800000000),
double3(0.340900000000,0.201100000000,0.457700000000),
double3(0.493100000000,0.902700000000,0.333300000000),
double3(0.768500000000,0.798700000000,0.438900000000),
double3(0.813500000000,0.770500000000,0.539500000000),
double3(0.948000000000,0.357600000000,0.763000000000),
double3(0.357600000000,0.948000000000,0.931400000000),
double3(0.457700000000,0.000300000000,0.340900000000),
double3(0.457700000000,0.340900000000,0.201100000000),
double3(0.725400000000,0.168800000000,0.503400000000),
double3(0.445800000000,0.039200000000,0.688800000000),
double3(0.054200000000,0.673800000000,0.811200000000),
double3(0.219000000000,0.069200000000,0.404400000000),
double3(0.993400000000,0.408800000000,0.721400000000),
double3(0.798900000000,0.659100000000,0.999700000000),
double3(0.625600000000,0.957400000000,0.640400000000),
double3(0.000300000000,0.201100000000,0.340900000000),
double3(0.166700000000,0.006900000000,0.229100000000),
double3(0.402700000000,0.993100000000,0.833300000000),
double3(0.960200000000,0.165800000000,0.427200000000),
double3(0.623600000000,0.778600000000,0.506600000000),
double3(0.776600000000,0.640400000000,0.957400000000),
double3(0.493400000000,0.908800000000,0.376400000000),
double3(0.687600000000,0.611600000000,0.148400000000),
double3(0.729100000000,0.666700000000,0.097300000000),
double3(0.686500000000,0.960500000000,0.729500000000),
double3(0.763000000000,0.931400000000,0.948000000000),
double3(0.996600000000,0.331200000000,0.774600000000),
double3(0.957700000000,0.701100000000,0.840900000000),
double3(0.006900000000,0.597300000000,0.229100000000),
double3(0.931400000000,0.357600000000,0.948000000000),
double3(0.165800000000,0.960200000000,0.446800000000),
double3(0.447600000000,0.388400000000,0.312400000000),
double3(0.840900000000,0.957700000000,0.701100000000),
double3(0.166700000000,0.229100000000,0.597300000000),
double3(0.595600000000,0.692600000000,0.781000000000),
double3(0.552400000000,0.148400000000,0.611600000000),
double3(0.187600000000,0.111600000000,0.052400000000),
double3(0.430800000000,0.192600000000,0.281000000000),
double3(0.857600000000,0.263000000000,0.431400000000),
double3(0.505300000000,0.042700000000,0.202300000000),
double3(0.611600000000,0.148400000000,0.687600000000),
double3(0.448000000000,0.857600000000,0.431400000000),
double3(0.201300000000,0.561100000000,0.231500000000),
double3(0.274600000000,0.496600000000,0.397600000000),
double3(0.201100000000,0.000300000000,0.457700000000),
double3(0.225400000000,0.003400000000,0.668800000000),
double3(0.831200000000,0.274600000000,0.397600000000),
double3(0.701100000000,0.500300000000,0.840900000000),
double3(0.250300000000,0.297700000000,0.994700000000),
double3(0.006100000000,0.561100000000,0.201300000000),
double3(0.640400000000,0.625600000000,0.957400000000),
double3(0.053200000000,0.539800000000,0.334200000000),
double3(0.404400000000,0.307400000000,0.219000000000),
double3(0.201100000000,0.340900000000,0.000300000000),
double3(0.447600000000,0.312400000000,0.851600000000),
double3(0.737000000000,0.568600000000,0.142400000000),
double3(0.572800000000,0.834200000000,0.553200000000),
double3(0.097300000000,0.729100000000,0.666700000000),
double3(0.125600000000,0.457400000000,0.276600000000),
double3(0.770500000000,0.876500000000,0.539500000000),
double3(0.307400000000,0.069200000000,0.219000000000),
double3(0.993400000000,0.721400000000,0.876400000000),
double3(0.359600000000,0.223400000000,0.374400000000),
double3(0.334200000000,0.539800000000,0.072800000000),
double3(0.625600000000,0.776600000000,0.957400000000),
double3(0.142400000000,0.568600000000,0.552000000000),
double3(0.005300000000,0.702300000000,0.542700000000),
double3(0.188800000000,0.945800000000,0.326200000000),
double3(0.431400000000,0.263000000000,0.448000000000),
double3(0.719000000000,0.569200000000,0.807400000000),
double3(0.072800000000,0.053200000000,0.334200000000),
double3(0.665800000000,0.460200000000,0.927200000000),
double3(0.859600000000,0.542600000000,0.874400000000),
double3(0.938900000000,0.493900000000,0.298700000000),
double3(0.039500000000,0.376500000000,0.270500000000),
double3(0.068600000000,0.237000000000,0.642400000000),
double3(0.430800000000,0.281000000000,0.095600000000),
double3(0.665800000000,0.927200000000,0.946800000000),
double3(0.904400000000,0.569200000000,0.719000000000),
double3(0.281000000000,0.095600000000,0.430800000000),
double3(0.778600000000,0.623600000000,0.091200000000),
double3(0.499700000000,0.298900000000,0.042300000000),
double3(0.611600000000,0.552400000000,0.148400000000),
double3(0.927200000000,0.665800000000,0.460200000000),
double3(0.496600000000,0.274600000000,0.831200000000),
double3(0.506900000000,0.666700000000,0.729100000000),
double3(0.376500000000,0.313500000000,0.270500000000),
double3(0.947600000000,0.888400000000,0.351600000000),
double3(0.539800000000,0.334200000000,0.053200000000),
double3(0.142400000000,0.737000000000,0.568600000000),
double3(0.374400000000,0.223400000000,0.042600000000),
double3(0.776600000000,0.625600000000,0.640400000000),
double3(0.539200000000,0.326200000000,0.945800000000),
double3(0.781000000000,0.930800000000,0.595600000000),
double3(0.457700000000,0.201100000000,0.000300000000),
double3(0.798900000000,0.542300000000,0.659100000000),
double3(0.219000000000,0.404400000000,0.307400000000),
double3(0.723400000000,0.859600000000,0.874400000000),
double3(0.006100000000,0.231500000000,0.561100000000),
double3(0.904400000000,0.807400000000,0.569200000000),
double3(0.659100000000,0.798900000000,0.542300000000),
double3(0.778600000000,0.506600000000,0.623600000000),
double3(0.902700000000,0.333300000000,0.493100000000),
double3(0.457400000000,0.276600000000,0.125600000000),
double3(0.402700000000,0.833300000000,0.770900000000),
double3(0.053200000000,0.072800000000,0.539800000000),
double3(0.737000000000,0.552000000000,0.568600000000),
double3(0.493400000000,0.221400000000,0.908800000000),
double3(0.666700000000,0.097300000000,0.729100000000),
double3(0.931400000000,0.948000000000,0.763000000000),
double3(0.542700000000,0.702300000000,0.749700000000),
double3(0.946800000000,0.665800000000,0.927200000000),
double3(0.568600000000,0.552000000000,0.142400000000),
double3(0.351600000000,0.947600000000,0.888400000000),
double3(0.003400000000,0.668800000000,0.225400000000),
double3(0.095600000000,0.192600000000,0.430800000000),
double3(0.826200000000,0.445800000000,0.688800000000),
double3(0.729500000000,0.960500000000,0.623500000000),
double3(0.602400000000,0.503400000000,0.168800000000),
double3(0.876400000000,0.721400000000,0.408800000000),
double3(0.723400000000,0.874400000000,0.542600000000),
double3(0.499700000000,0.042300000000,0.159100000000),
double3(0.623600000000,0.506600000000,0.091200000000),
double3(0.006900000000,0.229100000000,0.166700000000),
double3(0.554200000000,0.960800000000,0.311200000000),
double3(0.494700000000,0.957300000000,0.797700000000),
double3(0.930800000000,0.692600000000,0.595600000000),
double3(0.876400000000,0.993400000000,0.721400000000),
double3(0.686500000000,0.623500000000,0.960500000000),
double3(0.069200000000,0.219000000000,0.307400000000),
double3(0.597300000000,0.166700000000,0.229100000000),
double3(0.006600000000,0.278600000000,0.123600000000),
double3(0.297700000000,0.250300000000,0.457300000000),
double3(0.201300000000,0.231500000000,0.006100000000),
double3(0.721400000000,0.408800000000,0.876400000000),
double3(0.225400000000,0.102400000000,0.003400000000),
double3(0.572800000000,0.039800000000,0.834200000000),
double3(0.797700000000,0.957300000000,0.750300000000),
double3(0.888400000000,0.812400000000,0.351600000000),
double3(0.876500000000,0.813500000000,0.539500000000),
double3(0.237000000000,0.068600000000,0.052000000000),
double3(0.460800000000,0.054200000000,0.811200000000),
double3(0.263000000000,0.448000000000,0.431400000000),
double3(0.597300000000,0.006900000000,0.166700000000),
double3(0.503400000000,0.602400000000,0.725400000000),
double3(0.834200000000,0.039800000000,0.553200000000),
double3(0.052400000000,0.648400000000,0.187600000000),
double3(0.888400000000,0.351600000000,0.947600000000),
double3(0.719000000000,0.807400000000,0.904400000000),
double3(0.729500000000,0.623500000000,0.686500000000),
double3(0.725400000000,0.503400000000,0.602400000000),
double3(0.123500000000,0.460500000000,0.229500000000),
double3(0.311200000000,0.960800000000,0.173800000000),
double3(0.005300000000,0.749700000000,0.702300000000),
double3(0.701300000000,0.061100000000,0.506100000000),
double3(0.229500000000,0.460500000000,0.186500000000),
double3(0.036980000000,0.596640000000,0.882540000000),
double3(0.617460000000,0.903360000000,0.463020000000),
double3(0.812610000000,0.894390000000,0.849170000000),
double3(0.904350000000,0.474010000000,0.255630000000),
double3(0.145640000000,0.190220000000,0.555760000000),
double3(0.583360000000,0.559340000000,0.813540000000),
double3(0.474010000000,0.904350000000,0.366010000000),
double3(0.265040000000,0.503260000000,0.169780000000),
double3(0.655090000000,0.052070000000,0.493250000000),
double3(0.142980000000,0.534180000000,0.721600000000),
double3(0.633990000000,0.744370000000,0.525990000000),
double3(0.672580000000,0.762880000000,0.605480000000),
double3(0.747890000000,0.443570000000,0.980010000000),
double3(0.741020000000,0.050660000000,0.572280000000),
double3(0.857020000000,0.465820000000,0.278400000000),
double3(0.072280000000,0.550660000000,0.241020000000),
double3(0.400660000000,0.414060000000,0.234100000000),
double3(0.244370000000,0.595650000000,0.133990000000),
double3(0.414060000000,0.234100000000,0.400660000000),
double3(0.043760000000,0.559340000000,0.583360000000),
double3(0.556430000000,0.171470000000,0.019990000000),
double3(0.595650000000,0.133990000000,0.244370000000),
double3(0.686460000000,0.940660000000,0.916640000000),
double3(0.438080000000,0.996740000000,0.330220000000),
double3(0.655090000000,0.799590000000,0.052070000000),
double3(0.099340000000,0.265900000000,0.085940000000),
double3(0.617460000000,0.463020000000,0.016160000000),
double3(0.255630000000,0.474010000000,0.366010000000),
double3(0.150830000000,0.105610000000,0.556170000000),
double3(0.312610000000,0.943830000000,0.349170000000),
double3(0.894390000000,0.812610000000,0.443830000000),
double3(0.244370000000,0.025990000000,0.595650000000),
double3(0.894390000000,0.849170000000,0.812610000000),
double3(0.927720000000,0.863960000000,0.449340000000),
double3(0.947930000000,0.200410000000,0.506750000000),
double3(0.446140000000,0.856080000000,0.932580000000),
double3(0.605480000000,0.762880000000,0.959060000000),
double3(0.974010000000,0.404350000000,0.755630000000),
double3(0.642980000000,0.034180000000,0.101240000000),
double3(0.996740000000,0.330220000000,0.438080000000),
double3(0.056430000000,0.752110000000,0.519990000000),
double3(0.444240000000,0.891620000000,0.854360000000),
double3(0.480010000000,0.247890000000,0.328530000000),
double3(0.048820000000,0.585940000000,0.599340000000),
double3(0.778400000000,0.965820000000,0.357020000000),
double3(0.096640000000,0.536980000000,0.382540000000),
double3(0.854360000000,0.809780000000,0.444240000000),
double3(0.938080000000,0.496740000000,0.734960000000),
double3(0.605610000000,0.650830000000,0.056170000000),
double3(0.095650000000,0.525990000000,0.744370000000),
double3(0.993250000000,0.299590000000,0.552070000000),
double3(0.741020000000,0.572280000000,0.636040000000),
double3(0.938080000000,0.830220000000,0.496740000000),
double3(0.187390000000,0.105610000000,0.150830000000),
double3(0.055760000000,0.608380000000,0.690220000000),
double3(0.142980000000,0.721600000000,0.601240000000),
double3(0.143920000000,0.067420000000,0.553860000000),
double3(0.357020000000,0.898760000000,0.778400000000),
double3(0.169780000000,0.503260000000,0.061920000000),
double3(0.449340000000,0.758980000000,0.927720000000),
double3(0.503260000000,0.265040000000,0.061920000000),
double3(0.169270000000,0.955330000000,0.388250000000),
double3(0.016160000000,0.463020000000,0.903360000000),
double3(0.101240000000,0.642980000000,0.034180000000),
double3(0.265200000000,0.356080000000,0.432580000000),
double3(0.382540000000,0.536980000000,0.983840000000),
double3(0.247890000000,0.480010000000,0.943570000000),
double3(0.403360000000,0.516160000000,0.117460000000),
double3(0.366010000000,0.255630000000,0.474010000000),
double3(0.012850000000,0.330730000000,0.544670000000),
double3(0.447930000000,0.700410000000,0.844910000000),
double3(0.548820000000,0.265900000000,0.099340000000),
double3(0.525990000000,0.095650000000,0.633990000000),
double3(0.044670000000,0.611750000000,0.830730000000),
double3(0.734960000000,0.496740000000,0.830220000000),
double3(0.117460000000,0.963020000000,0.403360000000),
double3(0.155090000000,0.993250000000,0.552070000000),
double3(0.234800000000,0.553860000000,0.067420000000),
double3(0.349170000000,0.312610000000,0.943830000000),
double3(0.105610000000,0.187390000000,0.556170000000),
double3(0.043760000000,0.813540000000,0.559340000000),
double3(0.940660000000,0.686460000000,0.456240000000),
double3(0.085940000000,0.265900000000,0.548820000000),
double3(0.006750000000,0.844910000000,0.700410000000),
double3(0.944240000000,0.391620000000,0.309780000000),
double3(0.605610000000,0.056170000000,0.687390000000),
double3(0.734960000000,0.830220000000,0.938080000000),
double3(0.050660000000,0.572280000000,0.741020000000),
double3(0.550660000000,0.072280000000,0.136040000000),
double3(0.105610000000,0.150830000000,0.187390000000),
double3(0.882540000000,0.036980000000,0.596640000000),
double3(0.543760000000,0.059340000000,0.313540000000),
double3(0.916640000000,0.940660000000,0.456240000000),
double3(0.241020000000,0.072280000000,0.550660000000),
double3(0.155090000000,0.299590000000,0.993250000000),
double3(0.830220000000,0.734960000000,0.496740000000),
double3(0.519990000000,0.671470000000,0.056430000000),
double3(0.932580000000,0.856080000000,0.765200000000),
double3(0.258980000000,0.363960000000,0.949340000000),
double3(0.596640000000,0.036980000000,0.483840000000),
double3(0.516160000000,0.117460000000,0.403360000000),
double3(0.006750000000,0.700410000000,0.447930000000),
double3(0.556170000000,0.187390000000,0.150830000000),
double3(0.752110000000,0.056430000000,0.671470000000),
double3(0.363960000000,0.427720000000,0.949340000000),
double3(0.427720000000,0.949340000000,0.363960000000),
double3(0.221600000000,0.101240000000,0.034180000000),
double3(0.414060000000,0.400660000000,0.951180000000),
double3(0.959060000000,0.672580000000,0.605480000000),
double3(0.894520000000,0.737120000000,0.827420000000),
double3(0.765040000000,0.669780000000,0.003260000000),
double3(0.187390000000,0.556170000000,0.105610000000),
double3(0.944240000000,0.309780000000,0.354360000000),
double3(0.391620000000,0.309780000000,0.944240000000),
double3(0.262880000000,0.459060000000,0.172580000000),
double3(0.200410000000,0.506750000000,0.947930000000),
double3(0.388250000000,0.169270000000,0.955330000000),
double3(0.812610000000,0.849170000000,0.443830000000),
double3(0.891620000000,0.854360000000,0.444240000000),
double3(0.003260000000,0.669780000000,0.561920000000),
double3(0.403360000000,0.963020000000,0.516160000000),
double3(0.117460000000,0.516160000000,0.963020000000),
double3(0.599340000000,0.585940000000,0.765900000000),
double3(0.949340000000,0.363960000000,0.427720000000),
double3(0.105480000000,0.172580000000,0.459060000000),
double3(0.237120000000,0.327420000000,0.040940000000),
double3(0.914060000000,0.734100000000,0.451180000000),
double3(0.278400000000,0.465820000000,0.398760000000),
double3(0.111750000000,0.012850000000,0.544670000000),
double3(0.111750000000,0.330730000000,0.012850000000),
double3(0.943570000000,0.328530000000,0.247890000000),
double3(0.894520000000,0.827420000000,0.540940000000),
double3(0.690220000000,0.608380000000,0.645640000000),
double3(0.636040000000,0.050660000000,0.741020000000),
double3(0.536980000000,0.382540000000,0.096640000000),
double3(0.585940000000,0.048820000000,0.765900000000),
double3(0.904350000000,0.366010000000,0.474010000000),
double3(0.459060000000,0.262880000000,0.105480000000),
double3(0.830730000000,0.044670000000,0.611750000000),
double3(0.963020000000,0.117460000000,0.516160000000),
double3(0.187390000000,0.150830000000,0.556170000000),
double3(0.544670000000,0.111750000000,0.012850000000),
double3(0.827420000000,0.737120000000,0.540940000000),
double3(0.813540000000,0.583360000000,0.559340000000),
double3(0.534180000000,0.142980000000,0.601240000000),
double3(0.737120000000,0.894520000000,0.540940000000),
double3(0.943830000000,0.394390000000,0.349170000000),
double3(0.555760000000,0.145640000000,0.190220000000),
double3(0.095650000000,0.633990000000,0.525990000000),
double3(0.993250000000,0.155090000000,0.299590000000),
double3(0.553860000000,0.234800000000,0.143920000000),
double3(0.844910000000,0.006750000000,0.447930000000),
double3(0.451180000000,0.914060000000,0.734100000000),
double3(0.686460000000,0.456240000000,0.940660000000),
double3(0.965820000000,0.357020000000,0.778400000000),
double3(0.356080000000,0.946140000000,0.432580000000),
double3(0.328530000000,0.480010000000,0.247890000000),
double3(0.552070000000,0.299590000000,0.155090000000),
double3(0.903360000000,0.617460000000,0.016160000000),
double3(0.440660000000,0.416640000000,0.956240000000),
double3(0.252110000000,0.556430000000,0.019990000000),
double3(0.221600000000,0.034180000000,0.642980000000),
double3(0.567420000000,0.734800000000,0.643920000000),
double3(0.827420000000,0.894520000000,0.737120000000),
double3(0.443570000000,0.828530000000,0.980010000000),
double3(0.111750000000,0.544670000000,0.330730000000),
double3(0.828530000000,0.443570000000,0.747890000000),
double3(0.927720000000,0.758980000000,0.863960000000),
double3(0.611750000000,0.830730000000,0.044670000000),
double3(0.003260000000,0.561920000000,0.765040000000),
double3(0.946140000000,0.356080000000,0.265200000000),
double3(0.556430000000,0.019990000000,0.252110000000),
double3(0.642980000000,0.221600000000,0.034180000000),
double3(0.483840000000,0.596640000000,0.036980000000),
double3(0.737120000000,0.540940000000,0.827420000000),
double3(0.765200000000,0.856080000000,0.446140000000),
double3(0.391620000000,0.354360000000,0.309780000000),
double3(0.025990000000,0.595650000000,0.244370000000),
double3(0.061920000000,0.503260000000,0.265040000000),
double3(0.849170000000,0.894390000000,0.443830000000),
double3(0.143920000000,0.234800000000,0.067420000000),
double3(0.096640000000,0.983840000000,0.536980000000),
double3(0.443830000000,0.894390000000,0.812610000000),
double3(0.190220000000,0.555760000000,0.145640000000),
double3(0.388250000000,0.955330000000,0.487150000000),
double3(0.951180000000,0.234100000000,0.414060000000),
double3(0.480010000000,0.328530000000,0.943570000000),
double3(0.155090000000,0.552070000000,0.299590000000),
double3(0.083360000000,0.543760000000,0.313540000000),
double3(0.067420000000,0.553860000000,0.143920000000),
double3(0.888250000000,0.987150000000,0.455330000000),
double3(0.548820000000,0.099340000000,0.085940000000),
double3(0.857020000000,0.398760000000,0.465820000000),
double3(0.943570000000,0.480010000000,0.328530000000),
double3(0.143920000000,0.553860000000,0.234800000000),
double3(0.721600000000,0.534180000000,0.601240000000),
double3(0.690220000000,0.055760000000,0.608380000000),
double3(0.866010000000,0.755630000000,0.404350000000),
double3(0.778400000000,0.357020000000,0.898760000000),
double3(0.672580000000,0.605480000000,0.959060000000),
double3(0.356080000000,0.432580000000,0.265200000000),
double3(0.404350000000,0.755630000000,0.974010000000),
double3(0.721600000000,0.601240000000,0.142980000000),
double3(0.234960000000,0.996740000000,0.438080000000),
double3(0.898760000000,0.965820000000,0.778400000000),
double3(0.145640000000,0.555760000000,0.108380000000),
double3(0.827420000000,0.540940000000,0.894520000000),
double3(0.914060000000,0.900660000000,0.734100000000),
double3(0.687390000000,0.650830000000,0.605610000000),
double3(0.050660000000,0.636040000000,0.572280000000),
double3(0.186460000000,0.440660000000,0.956240000000),
double3(0.040940000000,0.394520000000,0.237120000000),
double3(0.456240000000,0.940660000000,0.686460000000),
double3(0.540940000000,0.894520000000,0.827420000000),
double3(0.247890000000,0.328530000000,0.480010000000),
double3(0.553860000000,0.143920000000,0.067420000000),
double3(0.536980000000,0.096640000000,0.983840000000),
double3(0.755630000000,0.974010000000,0.404350000000),
double3(0.669270000000,0.987150000000,0.888250000000),
double3(0.996740000000,0.234960000000,0.330220000000),
double3(0.765040000000,0.561920000000,0.669780000000),
double3(0.169780000000,0.061920000000,0.265040000000),
double3(0.671470000000,0.519990000000,0.752110000000),
double3(0.655090000000,0.493250000000,0.799590000000),
double3(0.465820000000,0.857020000000,0.398760000000),
double3(0.048820000000,0.765900000000,0.585940000000),
double3(0.601240000000,0.142980000000,0.721600000000),
double3(0.561920000000,0.765040000000,0.003260000000),
double3(0.237120000000,0.040940000000,0.394520000000),
double3(0.099340000000,0.085940000000,0.548820000000),
double3(0.150830000000,0.556170000000,0.187390000000),
double3(0.363960000000,0.258980000000,0.427720000000),
double3(0.327420000000,0.040940000000,0.237120000000),
double3(0.799590000000,0.493250000000,0.052070000000),
double3(0.440660000000,0.186460000000,0.416640000000),
double3(0.572280000000,0.050660000000,0.636040000000),
double3(0.463020000000,0.903360000000,0.016160000000),
double3(0.904350000000,0.255630000000,0.366010000000),
double3(0.330220000000,0.234960000000,0.438080000000),
double3(0.357020000000,0.778400000000,0.965820000000),
double3(0.506750000000,0.344910000000,0.947930000000),
double3(0.955330000000,0.487150000000,0.388250000000),
double3(0.947930000000,0.506750000000,0.344910000000),
double3(0.480010000000,0.943570000000,0.247890000000),
double3(0.830220000000,0.938080000000,0.734960000000),
double3(0.262880000000,0.105480000000,0.459060000000),
double3(0.309780000000,0.354360000000,0.944240000000),
double3(0.512850000000,0.044670000000,0.830730000000),
double3(0.914060000000,0.451180000000,0.900660000000),
double3(0.744370000000,0.525990000000,0.633990000000),
double3(0.812610000000,0.443830000000,0.894390000000),
double3(0.636040000000,0.741020000000,0.572280000000),
double3(0.016160000000,0.617460000000,0.463020000000),
double3(0.025990000000,0.244370000000,0.133990000000),
double3(0.171470000000,0.252110000000,0.019990000000),
double3(0.344910000000,0.200410000000,0.947930000000),
double3(0.863960000000,0.449340000000,0.927720000000),
double3(0.344910000000,0.506750000000,0.200410000000),
double3(0.145640000000,0.108380000000,0.190220000000),
double3(0.105480000000,0.459060000000,0.262880000000),
double3(0.611750000000,0.512850000000,0.830730000000),
double3(0.136040000000,0.072280000000,0.241020000000),
double3(0.190220000000,0.108380000000,0.555760000000),
double3(0.512850000000,0.830730000000,0.611750000000),
double3(0.556170000000,0.150830000000,0.105610000000),
double3(0.690220000000,0.645640000000,0.055760000000),
double3(0.142980000000,0.601240000000,0.534180000000),
double3(0.398760000000,0.857020000000,0.278400000000),
double3(0.734100000000,0.451180000000,0.914060000000),
double3(0.605480000000,0.672580000000,0.762880000000),
double3(0.534180000000,0.601240000000,0.721600000000),
double3(0.813540000000,0.559340000000,0.043760000000),
double3(0.003260000000,0.765040000000,0.669780000000),
double3(0.247890000000,0.943570000000,0.328530000000),
double3(0.799590000000,0.655090000000,0.493250000000),
double3(0.059340000000,0.313540000000,0.543760000000),
double3(0.327420000000,0.394520000000,0.040940000000),
double3(0.617460000000,0.016160000000,0.903360000000),
double3(0.056170000000,0.687390000000,0.605610000000),
double3(0.459060000000,0.105480000000,0.172580000000),
double3(0.312610000000,0.394390000000,0.943830000000),
double3(0.438080000000,0.330220000000,0.234960000000),
double3(0.863960000000,0.758980000000,0.449340000000),
double3(0.459060000000,0.172580000000,0.262880000000),
double3(0.443830000000,0.812610000000,0.849170000000),
double3(0.099340000000,0.548820000000,0.265900000000),
double3(0.799590000000,0.052070000000,0.655090000000),
double3(0.330220000000,0.438080000000,0.996740000000),
double3(0.447930000000,0.844910000000,0.006750000000),
double3(0.391620000000,0.944240000000,0.354360000000),
double3(0.059340000000,0.543760000000,0.083360000000),
double3(0.394390000000,0.312610000000,0.349170000000),
double3(0.398760000000,0.465820000000,0.857020000000),
double3(0.734800000000,0.643920000000,0.567420000000),
double3(0.595650000000,0.025990000000,0.133990000000),
double3(0.136040000000,0.241020000000,0.550660000000),
double3(0.171470000000,0.019990000000,0.556430000000),
double3(0.394390000000,0.349170000000,0.943830000000),
double3(0.932580000000,0.446140000000,0.856080000000),
double3(0.828530000000,0.747890000000,0.980010000000),
double3(0.172580000000,0.459060000000,0.105480000000),
double3(0.363960000000,0.949340000000,0.258980000000),
double3(0.898760000000,0.778400000000,0.357020000000),
double3(0.133990000000,0.025990000000,0.244370000000),
double3(0.463020000000,0.016160000000,0.617460000000),
double3(0.734960000000,0.938080000000,0.496740000000),
double3(0.067420000000,0.143920000000,0.234800000000),
double3(0.747890000000,0.980010000000,0.828530000000),
double3(0.525990000000,0.633990000000,0.744370000000),
double3(0.650830000000,0.056170000000,0.605610000000),
double3(0.388250000000,0.487150000000,0.169270000000),
double3(0.866010000000,0.974010000000,0.755630000000),
double3(0.955330000000,0.388250000000,0.169270000000),
double3(0.993250000000,0.552070000000,0.155090000000),
double3(0.255630000000,0.904350000000,0.474010000000),
double3(0.534180000000,0.721600000000,0.142980000000),
double3(0.449340000000,0.863960000000,0.758980000000),
double3(0.633990000000,0.095650000000,0.744370000000),
double3(0.943830000000,0.312610000000,0.394390000000),
double3(0.052070000000,0.655090000000,0.799590000000),
double3(0.536980000000,0.983840000000,0.382540000000),
double3(0.828530000000,0.980010000000,0.443570000000),
double3(0.765040000000,0.003260000000,0.561920000000),
double3(0.645640000000,0.690220000000,0.608380000000),
double3(0.067420000000,0.234800000000,0.553860000000),
double3(0.900660000000,0.734100000000,0.914060000000),
double3(0.072280000000,0.136040000000,0.550660000000),
double3(0.234800000000,0.143920000000,0.553860000000),
double3(0.496740000000,0.734960000000,0.938080000000),
double3(0.645640000000,0.608380000000,0.055760000000),
double3(0.762880000000,0.959060000000,0.605480000000),
double3(0.169780000000,0.265040000000,0.503260000000),
double3(0.019990000000,0.556430000000,0.171470000000),
double3(0.012850000000,0.544670000000,0.111750000000),
double3(0.237120000000,0.394520000000,0.327420000000),
double3(0.700410000000,0.844910000000,0.447930000000),
double3(0.019990000000,0.171470000000,0.252110000000),
double3(0.601240000000,0.721600000000,0.534180000000),
double3(0.438080000000,0.234960000000,0.996740000000),
double3(0.900660000000,0.914060000000,0.451180000000),
double3(0.747890000000,0.828530000000,0.443570000000),
double3(0.382540000000,0.096640000000,0.536980000000),
double3(0.427720000000,0.258980000000,0.949340000000),
double3(0.567420000000,0.643920000000,0.053860000000),
double3(0.487150000000,0.169270000000,0.388250000000),
double3(0.752110000000,0.671470000000,0.519990000000),
double3(0.951180000000,0.414060000000,0.400660000000),
double3(0.687390000000,0.056170000000,0.650830000000),
double3(0.446140000000,0.932580000000,0.765200000000),
double3(0.963020000000,0.516160000000,0.403360000000),
double3(0.083360000000,0.313540000000,0.059340000000),
double3(0.540940000000,0.737120000000,0.894520000000),
double3(0.055760000000,0.690220000000,0.645640000000),
double3(0.327420000000,0.237120000000,0.394520000000),
double3(0.512850000000,0.611750000000,0.044670000000),
double3(0.700410000000,0.006750000000,0.844910000000),
double3(0.894390000000,0.443830000000,0.849170000000),
double3(0.946140000000,0.432580000000,0.356080000000),
double3(0.465820000000,0.398760000000,0.278400000000),
double3(0.446140000000,0.765200000000,0.856080000000),
double3(0.813540000000,0.043760000000,0.583360000000),
double3(0.036980000000,0.882540000000,0.483840000000),
double3(0.278400000000,0.398760000000,0.857020000000),
double3(0.938080000000,0.734960000000,0.830220000000),
double3(0.550660000000,0.136040000000,0.241020000000),
double3(0.595650000000,0.244370000000,0.025990000000),
double3(0.755630000000,0.866010000000,0.974010000000),
double3(0.671470000000,0.752110000000,0.056430000000),
double3(0.136040000000,0.550660000000,0.072280000000),
double3(0.550660000000,0.241020000000,0.072280000000),
double3(0.354360000000,0.391620000000,0.944240000000),
double3(0.006750000000,0.447930000000,0.844910000000),
double3(0.451180000000,0.734100000000,0.900660000000),
double3(0.765200000000,0.446140000000,0.932580000000),
double3(0.809780000000,0.891620000000,0.444240000000),
double3(0.965820000000,0.898760000000,0.357020000000),
double3(0.474010000000,0.366010000000,0.255630000000),
double3(0.444240000000,0.854360000000,0.809780000000),
double3(0.543760000000,0.313540000000,0.083360000000),
double3(0.959060000000,0.762880000000,0.672580000000),
double3(0.496740000000,0.938080000000,0.830220000000),
double3(0.891620000000,0.444240000000,0.809780000000),
double3(0.105480000000,0.262880000000,0.172580000000),
double3(0.299590000000,0.552070000000,0.993250000000),
double3(0.449340000000,0.927720000000,0.863960000000),
double3(0.544670000000,0.330730000000,0.111750000000),
double3(0.866010000000,0.404350000000,0.974010000000),
double3(0.744370000000,0.633990000000,0.095650000000),
double3(0.404350000000,0.866010000000,0.755630000000),
double3(0.328530000000,0.943570000000,0.480010000000),
double3(0.974010000000,0.755630000000,0.866010000000),
double3(0.519990000000,0.752110000000,0.671470000000),
double3(0.553860000000,0.067420000000,0.234800000000),
double3(0.394520000000,0.237120000000,0.040940000000),
double3(0.444240000000,0.809780000000,0.891620000000),
double3(0.241020000000,0.550660000000,0.136040000000),
double3(0.755630000000,0.404350000000,0.866010000000),
double3(0.330730000000,0.012850000000,0.111750000000),
double3(0.669780000000,0.561920000000,0.003260000000),
double3(0.328530000000,0.247890000000,0.943570000000),
double3(0.313540000000,0.059340000000,0.083360000000),
double3(0.034180000000,0.101240000000,0.642980000000),
double3(0.633990000000,0.525990000000,0.095650000000),
double3(0.043760000000,0.583360000000,0.813540000000),
double3(0.956240000000,0.440660000000,0.416640000000),
double3(0.056430000000,0.671470000000,0.752110000000),
double3(0.605610000000,0.687390000000,0.650830000000),
double3(0.330730000000,0.544670000000,0.012850000000),
double3(0.044670000000,0.830730000000,0.512850000000),
double3(0.059340000000,0.083360000000,0.313540000000),
double3(0.946140000000,0.265200000000,0.432580000000),
double3(0.313540000000,0.083360000000,0.543760000000),
double3(0.487150000000,0.955330000000,0.169270000000),
double3(0.596640000000,0.483840000000,0.882540000000),
double3(0.849170000000,0.443830000000,0.812610000000),
double3(0.854360000000,0.444240000000,0.891620000000),
double3(0.443830000000,0.849170000000,0.894390000000),
double3(0.258980000000,0.949340000000,0.427720000000),
double3(0.133990000000,0.595650000000,0.025990000000),
double3(0.830220000000,0.496740000000,0.938080000000),
double3(0.636040000000,0.572280000000,0.050660000000),
double3(0.101240000000,0.221600000000,0.642980000000),
double3(0.559340000000,0.043760000000,0.813540000000),
double3(0.687390000000,0.605610000000,0.056170000000),
double3(0.643920000000,0.053860000000,0.567420000000),
double3(0.608380000000,0.645640000000,0.690220000000),
double3(0.540940000000,0.827420000000,0.737120000000),
double3(0.312610000000,0.349170000000,0.394390000000),
double3(0.061920000000,0.169780000000,0.503260000000),
double3(0.844910000000,0.447930000000,0.700410000000),
double3(0.741020000000,0.636040000000,0.050660000000),
double3(0.758980000000,0.927720000000,0.449340000000),
double3(0.744370000000,0.095650000000,0.525990000000),
double3(0.474010000000,0.255630000000,0.904350000000),
double3(0.734800000000,0.567420000000,0.053860000000),
double3(0.947930000000,0.344910000000,0.200410000000),
double3(0.050660000000,0.741020000000,0.636040000000),
double3(0.608380000000,0.690220000000,0.055760000000),
double3(0.432580000000,0.946140000000,0.265200000000),
double3(0.455330000000,0.888250000000,0.987150000000),
double3(0.916640000000,0.686460000000,0.940660000000),
double3(0.758980000000,0.449340000000,0.863960000000),
double3(0.055760000000,0.645640000000,0.608380000000),
double3(0.117460000000,0.403360000000,0.516160000000),
double3(0.516160000000,0.403360000000,0.963020000000),
double3(0.200410000000,0.947930000000,0.344910000000),
double3(0.366010000000,0.474010000000,0.904350000000),
double3(0.642980000000,0.101240000000,0.221600000000),
double3(0.053860000000,0.643920000000,0.734800000000),
double3(0.572280000000,0.741020000000,0.050660000000),
double3(0.987150000000,0.888250000000,0.669270000000),
double3(0.669780000000,0.003260000000,0.765040000000),
double3(0.555760000000,0.190220000000,0.108380000000),
double3(0.309780000000,0.391620000000,0.354360000000),
double3(0.016160000000,0.903360000000,0.617460000000),
double3(0.313540000000,0.543760000000,0.059340000000),
double3(0.186460000000,0.416640000000,0.440660000000),
double3(0.898760000000,0.357020000000,0.965820000000),
double3(0.309780000000,0.944240000000,0.391620000000),
double3(0.856080000000,0.932580000000,0.446140000000),
double3(0.752110000000,0.519990000000,0.056430000000),
double3(0.085940000000,0.099340000000,0.265900000000),
double3(0.455330000000,0.669270000000,0.888250000000),
double3(0.555760000000,0.108380000000,0.145640000000),
double3(0.583360000000,0.043760000000,0.559340000000),
double3(0.916640000000,0.456240000000,0.686460000000),
double3(0.265200000000,0.946140000000,0.356080000000),
double3(0.552070000000,0.993250000000,0.299590000000),
double3(0.493250000000,0.655090000000,0.052070000000),
double3(0.544670000000,0.012850000000,0.330730000000),
double3(0.169270000000,0.388250000000,0.487150000000),
double3(0.400660000000,0.951180000000,0.414060000000),
double3(0.983840000000,0.096640000000,0.382540000000),
double3(0.404350000000,0.974010000000,0.866010000000),
double3(0.882540000000,0.483840000000,0.036980000000),
double3(0.447930000000,0.006750000000,0.700410000000),
double3(0.169270000000,0.487150000000,0.955330000000),
double3(0.949340000000,0.258980000000,0.363960000000),
double3(0.056170000000,0.605610000000,0.650830000000),
double3(0.040940000000,0.327420000000,0.394520000000),
double3(0.019990000000,0.252110000000,0.556430000000),
double3(0.987150000000,0.669270000000,0.455330000000),
double3(0.940660000000,0.916640000000,0.686460000000),
double3(0.959060000000,0.605480000000,0.762880000000),
double3(0.980010000000,0.747890000000,0.443570000000),
double3(0.061920000000,0.265040000000,0.169780000000),
double3(0.996740000000,0.438080000000,0.234960000000),
double3(0.416640000000,0.440660000000,0.186460000000),
double3(0.354360000000,0.944240000000,0.309780000000),
double3(0.956240000000,0.416640000000,0.186460000000),
double3(0.095650000000,0.744370000000,0.633990000000),
double3(0.556430000000,0.252110000000,0.171470000000),
double3(0.856080000000,0.765200000000,0.932580000000),
double3(0.987150000000,0.455330000000,0.888250000000),
double3(0.394520000000,0.327420000000,0.237120000000),
double3(0.561920000000,0.003260000000,0.669780000000),
double3(0.382540000000,0.983840000000,0.096640000000),
double3(0.265040000000,0.061920000000,0.503260000000),
double3(0.052070000000,0.493250000000,0.655090000000),
double3(0.949340000000,0.427720000000,0.258980000000),
double3(0.543760000000,0.083360000000,0.059340000000),
double3(0.432580000000,0.356080000000,0.946140000000),
double3(0.044670000000,0.512850000000,0.611750000000),
double3(0.400660000000,0.234100000000,0.951180000000),
double3(0.456240000000,0.686460000000,0.916640000000),
double3(0.965820000000,0.778400000000,0.898760000000),
double3(0.503260000000,0.061920000000,0.169780000000),
double3(0.585940000000,0.599340000000,0.048820000000),
double3(0.072280000000,0.241020000000,0.136040000000),
double3(0.830730000000,0.512850000000,0.044670000000),
double3(0.234800000000,0.067420000000,0.143920000000),
double3(0.503260000000,0.169780000000,0.265040000000),
double3(0.643920000000,0.734800000000,0.053860000000),
double3(0.053860000000,0.734800000000,0.567420000000),
double3(0.443570000000,0.747890000000,0.828530000000),
double3(0.432580000000,0.265200000000,0.356080000000),
double3(0.983840000000,0.536980000000,0.096640000000),
double3(0.608380000000,0.055760000000,0.645640000000),
double3(0.643920000000,0.567420000000,0.734800000000),
double3(0.944240000000,0.354360000000,0.391620000000),
double3(0.525990000000,0.744370000000,0.095650000000),
double3(0.830730000000,0.611750000000,0.512850000000),
double3(0.903360000000,0.463020000000,0.617460000000),
double3(0.241020000000,0.136040000000,0.072280000000),
double3(0.778400000000,0.898760000000,0.965820000000),
double3(0.737120000000,0.827420000000,0.894520000000),
double3(0.299590000000,0.993250000000,0.155090000000),
double3(0.190220000000,0.145640000000,0.108380000000),
double3(0.721600000000,0.142980000000,0.534180000000),
double3(0.258980000000,0.427720000000,0.363960000000),
double3(0.955330000000,0.169270000000,0.487150000000),
double3(0.888250000000,0.455330000000,0.669270000000),
double3(0.052070000000,0.799590000000,0.493250000000),
double3(0.963020000000,0.403360000000,0.117460000000),
double3(0.765900000000,0.585940000000,0.048820000000),
double3(0.483840000000,0.882540000000,0.596640000000),
double3(0.506750000000,0.200410000000,0.344910000000),
double3(0.567420000000,0.053860000000,0.734800000000),
double3(0.262880000000,0.172580000000,0.105480000000),
double3(0.465820000000,0.278400000000,0.857020000000),
double3(0.956240000000,0.186460000000,0.440660000000),
double3(0.583360000000,0.813540000000,0.043760000000),
double3(0.265040000000,0.169780000000,0.061920000000),
double3(0.354360000000,0.309780000000,0.391620000000),
double3(0.463020000000,0.617460000000,0.903360000000),
double3(0.034180000000,0.642980000000,0.221600000000),
double3(0.083360000000,0.059340000000,0.543760000000),
double3(0.234100000000,0.400660000000,0.414060000000),
double3(0.561920000000,0.669780000000,0.765040000000),
double3(0.572280000000,0.636040000000,0.741020000000),
double3(0.894520000000,0.540940000000,0.737120000000),
double3(0.519990000000,0.056430000000,0.752110000000),
double3(0.552070000000,0.155090000000,0.993250000000),
double3(0.455330000000,0.987150000000,0.669270000000),
double3(0.265200000000,0.432580000000,0.946140000000),
double3(0.493250000000,0.799590000000,0.655090000000),
double3(0.427720000000,0.363960000000,0.258980000000),
double3(0.585940000000,0.765900000000,0.599340000000),
double3(0.888250000000,0.669270000000,0.987150000000),
double3(0.252110000000,0.171470000000,0.556430000000),
double3(0.234960000000,0.438080000000,0.330220000000),
double3(0.548820000000,0.085940000000,0.265900000000),
double3(0.108380000000,0.555760000000,0.190220000000),
double3(0.487150000000,0.388250000000,0.955330000000),
double3(0.357020000000,0.965820000000,0.898760000000),
double3(0.556170000000,0.105610000000,0.187390000000),
double3(0.599340000000,0.048820000000,0.585940000000),
double3(0.330220000000,0.996740000000,0.234960000000),
double3(0.849170000000,0.812610000000,0.894390000000),
double3(0.036980000000,0.483840000000,0.596640000000),
double3(0.611750000000,0.044670000000,0.512850000000),
double3(0.252110000000,0.019990000000,0.171470000000),
double3(0.048820000000,0.599340000000,0.765900000000),
double3(0.234100000000,0.414060000000,0.951180000000),
double3(0.927720000000,0.449340000000,0.758980000000),
double3(0.758980000000,0.863960000000,0.927720000000),
double3(0.265900000000,0.085940000000,0.099340000000),
double3(0.496740000000,0.830220000000,0.734960000000),
double3(0.133990000000,0.244370000000,0.595650000000),
double3(0.330730000000,0.111750000000,0.544670000000),
double3(0.172580000000,0.262880000000,0.459060000000),
double3(0.493250000000,0.052070000000,0.799590000000),
double3(0.943830000000,0.349170000000,0.312610000000),
double3(0.299590000000,0.155090000000,0.552070000000),
double3(0.559340000000,0.813540000000,0.583360000000),
double3(0.645640000000,0.055760000000,0.690220000000),
double3(0.278400000000,0.857020000000,0.465820000000),
double3(0.034180000000,0.221600000000,0.101240000000),
double3(0.762880000000,0.605480000000,0.672580000000),
double3(0.108380000000,0.190220000000,0.145640000000),
double3(0.056430000000,0.519990000000,0.671470000000),
double3(0.943570000000,0.247890000000,0.480010000000),
double3(0.265900000000,0.099340000000,0.548820000000),
double3(0.601240000000,0.534180000000,0.142980000000),
double3(0.951180000000,0.400660000000,0.234100000000),
double3(0.516160000000,0.963020000000,0.117460000000),
double3(0.734800000000,0.053860000000,0.643920000000),
double3(0.403360000000,0.117460000000,0.963020000000),
double3(0.394520000000,0.040940000000,0.327420000000),
double3(0.394390000000,0.943830000000,0.312610000000),
double3(0.344910000000,0.947930000000,0.506750000000),
double3(0.265900000000,0.548820000000,0.085940000000),
double3(0.234100000000,0.951180000000,0.400660000000),
double3(0.980010000000,0.828530000000,0.747890000000),
double3(0.974010000000,0.866010000000,0.404350000000),
double3(0.025990000000,0.133990000000,0.595650000000),
double3(0.765900000000,0.048820000000,0.599340000000),
double3(0.349170000000,0.394390000000,0.312610000000),
double3(0.443570000000,0.980010000000,0.747890000000),
double3(0.456240000000,0.916640000000,0.940660000000),
double3(0.234960000000,0.330220000000,0.996740000000),
double3(0.416640000000,0.956240000000,0.440660000000),
double3(0.221600000000,0.642980000000,0.101240000000),
double3(0.672580000000,0.959060000000,0.762880000000),
double3(0.599340000000,0.765900000000,0.048820000000),
double3(0.506750000000,0.947930000000,0.200410000000),
double3(0.700410000000,0.447930000000,0.006750000000),
double3(0.053860000000,0.567420000000,0.643920000000),
double3(0.734100000000,0.914060000000,0.900660000000),
double3(0.186460000000,0.956240000000,0.416640000000),
double3(0.040940000000,0.237120000000,0.327420000000),
double3(0.891620000000,0.809780000000,0.854360000000),
double3(0.012850000000,0.111750000000,0.330730000000),
double3(0.882540000000,0.596640000000,0.483840000000),
double3(0.650830000000,0.605610000000,0.687390000000),
double3(0.762880000000,0.672580000000,0.959060000000),
double3(0.559340000000,0.583360000000,0.043760000000),
double3(0.150830000000,0.187390000000,0.105610000000),
double3(0.056170000000,0.650830000000,0.687390000000),
double3(0.244370000000,0.133990000000,0.025990000000),
double3(0.451180000000,0.900660000000,0.914060000000),
double3(0.096640000000,0.382540000000,0.983840000000),
double3(0.809780000000,0.854360000000,0.891620000000),
double3(0.416640000000,0.186460000000,0.956240000000),
double3(0.980010000000,0.443570000000,0.828530000000),
double3(0.863960000000,0.927720000000,0.758980000000),
double3(0.605480000000,0.959060000000,0.672580000000),
double3(0.765900000000,0.599340000000,0.585940000000),
double3(0.940660000000,0.456240000000,0.916640000000),
double3(0.669780000000,0.765040000000,0.561920000000),
double3(0.809780000000,0.444240000000,0.854360000000),
double3(0.105610000000,0.556170000000,0.150830000000),
double3(0.101240000000,0.034180000000,0.221600000000),
double3(0.857020000000,0.278400000000,0.398760000000),
double3(0.172580000000,0.105480000000,0.262880000000),
double3(0.671470000000,0.056430000000,0.519990000000),
double3(0.366010000000,0.904350000000,0.255630000000),
double3(0.414060000000,0.951180000000,0.234100000000),
double3(0.171470000000,0.556430000000,0.252110000000),
double3(0.650830000000,0.687390000000,0.056170000000),
double3(0.398760000000,0.278400000000,0.465820000000),
double3(0.356080000000,0.265200000000,0.946140000000),
double3(0.200410000000,0.344910000000,0.506750000000),
double3(0.734100000000,0.900660000000,0.451180000000),
double3(0.983840000000,0.382540000000,0.536980000000),
double3(0.903360000000,0.016160000000,0.463020000000),
double3(0.932580000000,0.765200000000,0.446140000000),
double3(0.255630000000,0.366010000000,0.904350000000),
double3(0.765200000000,0.932580000000,0.856080000000),
double3(0.856080000000,0.446140000000,0.765200000000),
double3(0.900660000000,0.451180000000,0.734100000000),
double3(0.854360000000,0.891620000000,0.809780000000),
double3(0.596640000000,0.882540000000,0.036980000000),
double3(0.686460000000,0.916640000000,0.456240000000),
double3(0.483840000000,0.036980000000,0.882540000000),
double3(0.844910000000,0.700410000000,0.006750000000),
double3(0.349170000000,0.943830000000,0.394390000000),
double3(0.440660000000,0.956240000000,0.186460000000),
double3(0.085940000000,0.548820000000,0.099340000000),
double3(0.669270000000,0.888250000000,0.455330000000),
double3(0.669270000000,0.455330000000,0.987150000000),
double3(0.108380000000,0.145640000000,0.555760000000),
double3(0.969580000000,0.443400000000,0.089240000000),
double3(0.443110000000,0.897990000000,0.624090000000),
double3(0.602010000000,0.465190000000,0.056890000000),
double3(0.030420000000,0.502220000000,0.556600000000),
double3(0.124090000000,0.534810000000,0.397990000000),
double3(0.034810000000,0.897990000000,0.443110000000),
double3(0.530420000000,0.056600000000,0.002220000000),
double3(0.056600000000,0.530420000000,0.410760000000),
double3(0.465190000000,0.602010000000,0.875910000000),
double3(0.443400000000,0.089240000000,0.969580000000),
double3(0.910760000000,0.556600000000,0.502220000000),
double3(0.997780000000,0.469580000000,0.943400000000),
double3(0.030420000000,0.556600000000,0.910760000000),
double3(0.910760000000,0.030420000000,0.556600000000),
double3(0.965190000000,0.556890000000,0.375910000000),
double3(0.397990000000,0.124090000000,0.534810000000),
double3(0.124090000000,0.397990000000,0.943110000000),
double3(0.410760000000,0.002220000000,0.056600000000),
double3(0.502220000000,0.556600000000,0.030420000000),
double3(0.556600000000,0.030420000000,0.502220000000),
double3(0.497780000000,0.969580000000,0.089240000000),
double3(0.056890000000,0.465190000000,0.875910000000),
double3(0.002220000000,0.530420000000,0.056600000000),
double3(0.469580000000,0.997780000000,0.589240000000),
double3(0.465190000000,0.875910000000,0.056890000000),
double3(0.969580000000,0.497780000000,0.443400000000),
double3(0.002220000000,0.410760000000,0.530420000000),
double3(0.443400000000,0.497780000000,0.089240000000),
double3(0.534810000000,0.124090000000,0.943110000000),
double3(0.534810000000,0.397990000000,0.124090000000),
double3(0.034810000000,0.443110000000,0.624090000000),
double3(0.624090000000,0.034810000000,0.443110000000),
double3(0.624090000000,0.443110000000,0.897990000000),
double3(0.375910000000,0.102010000000,0.965190000000),
double3(0.556890000000,0.965190000000,0.102010000000),
double3(0.556890000000,0.102010000000,0.375910000000),
double3(0.943400000000,0.589240000000,0.997780000000),
double3(0.497780000000,0.089240000000,0.443400000000),
double3(0.056890000000,0.602010000000,0.465190000000),
double3(0.897990000000,0.034810000000,0.624090000000),
double3(0.089240000000,0.497780000000,0.969580000000),
double3(0.102010000000,0.965190000000,0.375910000000),
double3(0.897990000000,0.624090000000,0.443110000000),
double3(0.410760000000,0.530420000000,0.002220000000),
double3(0.443110000000,0.624090000000,0.034810000000),
double3(0.875910000000,0.465190000000,0.602010000000),
double3(0.556890000000,0.375910000000,0.965190000000),
double3(0.556600000000,0.910760000000,0.030420000000),
double3(0.997780000000,0.589240000000,0.469580000000),
double3(0.465190000000,0.056890000000,0.602010000000),
double3(0.530420000000,0.410760000000,0.056600000000),
double3(0.943110000000,0.124090000000,0.397990000000),
double3(0.624090000000,0.897990000000,0.034810000000),
double3(0.943400000000,0.469580000000,0.589240000000),
double3(0.102010000000,0.556890000000,0.965190000000),
double3(0.375910000000,0.965190000000,0.556890000000),
double3(0.943110000000,0.534810000000,0.124090000000),
double3(0.469580000000,0.589240000000,0.943400000000),
double3(0.589240000000,0.469580000000,0.997780000000),
double3(0.102010000000,0.375910000000,0.556890000000),
double3(0.397990000000,0.534810000000,0.943110000000),
double3(0.502220000000,0.030420000000,0.910760000000),
double3(0.965190000000,0.375910000000,0.102010000000),
double3(0.943110000000,0.397990000000,0.534810000000),
double3(0.943400000000,0.997780000000,0.469580000000),
double3(0.602010000000,0.056890000000,0.875910000000),
double3(0.056600000000,0.410760000000,0.002220000000),
double3(0.589240000000,0.943400000000,0.469580000000),
double3(0.897990000000,0.443110000000,0.034810000000),
double3(0.602010000000,0.875910000000,0.465190000000),
double3(0.056600000000,0.002220000000,0.530420000000),
double3(0.397990000000,0.943110000000,0.124090000000),
double3(0.002220000000,0.056600000000,0.410760000000),
double3(0.443400000000,0.969580000000,0.497780000000),
double3(0.030420000000,0.910760000000,0.502220000000),
double3(0.443110000000,0.034810000000,0.897990000000),
double3(0.534810000000,0.943110000000,0.397990000000),
double3(0.910760000000,0.502220000000,0.030420000000),
double3(0.469580000000,0.943400000000,0.997780000000),
double3(0.965190000000,0.102010000000,0.556890000000),
double3(0.497780000000,0.443400000000,0.969580000000),
double3(0.875910000000,0.056890000000,0.465190000000),
double3(0.089240000000,0.443400000000,0.497780000000),
double3(0.530420000000,0.002220000000,0.410760000000),
double3(0.969580000000,0.089240000000,0.497780000000),
double3(0.589240000000,0.997780000000,0.943400000000),
double3(0.556600000000,0.502220000000,0.910760000000),
double3(0.375910000000,0.556890000000,0.102010000000),
double3(0.089240000000,0.969580000000,0.443400000000),
double3(0.124090000000,0.943110000000,0.534810000000),
double3(0.997780000000,0.943400000000,0.589240000000),
double3(0.034810000000,0.624090000000,0.897990000000),
double3(0.875910000000,0.602010000000,0.056890000000),
double3(0.502220000000,0.910760000000,0.556600000000),
double3(0.056890000000,0.875910000000,0.602010000000),
double3(0.410760000000,0.056600000000,0.530420000000),
