[double3(15.520000000000,0.000000000000,0.000000000000),double3(0.000000000000,13.890000000000,0.000000000000),double3(0.000000000000,0.000000000000,13.076900000000)]

double3(0.130680000000,0.494795000000,0.218665000000),
double3(0.137190000000,0.368750000000,0.292600000000),
double3(0.137900000000,0.259350000000,0.087850000000),
double3(0.156450000000,0.369750000000,0.172950000000),
double3(0.152550000000,0.412500000000,0.210200000000),
double3(0.116500000000,0.296800000000,0.051950000000),
double3(0.139900000000,0.215700000000,0.051050000000),
double3(0.142300000000,0.326850000000,0.207200000000),
double3(0.108700000000,0.247300000000,0.132400000000),
double3(0.124550000000,0.376050000000,0.127700000000),
double3(0.202300000000,0.363800000000,0.154350000000),
double3(0.181650000000,0.274850000000,0.104800000000),
double3(0.380680000000,0.244795000000,0.218665000000),
double3(0.387190000000,0.118750000000,0.292600000000),
double3(0.387900000000,0.009350000000,0.087850000000),
double3(0.406450000000,0.119750000000,0.172950000000),
double3(0.402550000000,0.162500000000,0.210200000000),
double3(0.366500000000,0.046800000000,0.051950000000),
double3(0.389900000000,0.465700000000,0.051050000000),
double3(0.392300000000,0.076850000000,0.207200000000),
double3(0.358700000000,0.497300000000,0.132400000000),
double3(0.374550000000,0.126050000000,0.127700000000),
double3(0.452300000000,0.113800000000,0.154350000000),
double3(0.431650000000,0.024850000000,0.104800000000),
double3(0.369320000000,0.005205000000,0.468665000000),
double3(0.362810000000,0.131250000000,0.042600000000),
double3(0.362100000000,0.240650000000,0.337850000000),
double3(0.343550000000,0.130250000000,0.422950000000),
double3(0.347450000000,0.087500000000,0.460200000000),
double3(0.383500000000,0.203200000000,0.301950000000),
double3(0.360100000000,0.284300000000,0.301050000000),
double3(0.357700000000,0.173150000000,0.457200000000),
double3(0.391300000000,0.252700000000,0.382400000000),
double3(0.375450000000,0.123950000000,0.377700000000),
double3(0.297700000000,0.136200000000,0.404350000000),
double3(0.318350000000,0.225150000000,0.354800000000),
double3(0.119320000000,0.255205000000,0.468665000000),
double3(0.112810000000,0.381250000000,0.042600000000),
double3(0.112100000000,0.490650000000,0.337850000000),
double3(0.093550000000,0.380250000000,0.422950000000),
double3(0.097450000000,0.337500000000,0.460200000000),
double3(0.133500000000,0.453200000000,0.301950000000),
double3(0.110100000000,0.034300000000,0.301050000000),
double3(0.107700000000,0.423150000000,0.457200000000),
double3(0.141300000000,0.002700000000,0.382400000000),
double3(0.125450000000,0.373950000000,0.377700000000),
double3(0.047700000000,0.386200000000,0.404350000000),
double3(0.068350000000,0.475150000000,0.354800000000),
double3(0.130680000000,0.005205000000,0.468665000000),
double3(0.137190000000,0.131250000000,0.042600000000),
double3(0.137900000000,0.240650000000,0.337850000000),
double3(0.156450000000,0.130250000000,0.422950000000),
double3(0.152550000000,0.087500000000,0.460200000000),
double3(0.116500000000,0.203200000000,0.301950000000),
double3(0.139900000000,0.284300000000,0.301050000000),
double3(0.142300000000,0.173150000000,0.457200000000),
double3(0.108700000000,0.252700000000,0.382400000000),
double3(0.124550000000,0.123950000000,0.377700000000),
double3(0.202300000000,0.136200000000,0.404350000000),
double3(0.181650000000,0.225150000000,0.354800000000),
double3(0.380680000000,0.255205000000,0.468665000000),
double3(0.387190000000,0.381250000000,0.042600000000),
double3(0.387900000000,0.490650000000,0.337850000000),
double3(0.406450000000,0.380250000000,0.422950000000),
double3(0.402550000000,0.337500000000,0.460200000000),
double3(0.366500000000,0.453200000000,0.301950000000),
double3(0.389900000000,0.034300000000,0.301050000000),
double3(0.392300000000,0.423150000000,0.457200000000),
double3(0.358700000000,0.002700000000,0.382400000000),
double3(0.374550000000,0.373950000000,0.377700000000),
double3(0.452300000000,0.386200000000,0.404350000000),
double3(0.431650000000,0.475150000000,0.354800000000),
double3(0.369320000000,0.494795000000,0.218665000000),
double3(0.362810000000,0.368750000000,0.292600000000),
double3(0.362100000000,0.259350000000,0.087850000000),
double3(0.343550000000,0.369750000000,0.172950000000),
double3(0.347450000000,0.412500000000,0.210200000000),
double3(0.383500000000,0.296800000000,0.051950000000),
double3(0.360100000000,0.215700000000,0.051050000000),
double3(0.357700000000,0.326850000000,0.207200000000),
double3(0.391300000000,0.247300000000,0.132400000000),
double3(0.375450000000,0.376050000000,0.127700000000),
double3(0.297700000000,0.363800000000,0.154350000000),
double3(0.318350000000,0.274850000000,0.104800000000),
double3(0.119320000000,0.244795000000,0.218665000000),
double3(0.112810000000,0.118750000000,0.292600000000),
double3(0.112100000000,0.009350000000,0.087850000000),
double3(0.093550000000,0.119750000000,0.172950000000),
double3(0.097450000000,0.162500000000,0.210200000000),
double3(0.133500000000,0.046800000000,0.051950000000),
double3(0.110100000000,0.465700000000,0.051050000000),
double3(0.107700000000,0.076850000000,0.207200000000),
double3(0.141300000000,0.497300000000,0.132400000000),
double3(0.125450000000,0.126050000000,0.127700000000),
double3(0.047700000000,0.113800000000,0.154350000000),
double3(0.068350000000,0.024850000000,0.104800000000),
double3(0.250000000000,0.305015000000,0.123650000000),
double3(0.000000000000,0.055015000000,0.123650000000),
double3(0.250000000000,0.194985000000,0.373650000000),
double3(0.000000000000,0.444985000000,0.373650000000),
double3(0.130680000000,0.494795000000,0.718665000000),
double3(0.137190000000,0.368750000000,0.792600000000),
double3(0.137900000000,0.259350000000,0.587850000000),
double3(0.156450000000,0.369750000000,0.672950000000),
double3(0.152550000000,0.412500000000,0.710200000000),
double3(0.116500000000,0.296800000000,0.551950000000),
double3(0.139900000000,0.215700000000,0.551050000000),
double3(0.142300000000,0.326850000000,0.707200000000),
double3(0.108700000000,0.247300000000,0.632400000000),
double3(0.124550000000,0.376050000000,0.627700000000),
double3(0.202300000000,0.363800000000,0.654350000000),
double3(0.181650000000,0.274850000000,0.604800000000),
double3(0.380680000000,0.244795000000,0.718665000000),
double3(0.387190000000,0.118750000000,0.792600000000),
double3(0.387900000000,0.009350000000,0.587850000000),
double3(0.406450000000,0.119750000000,0.672950000000),
double3(0.402550000000,0.162500000000,0.710200000000),
double3(0.366500000000,0.046800000000,0.551950000000),
double3(0.389900000000,0.465700000000,0.551050000000),
double3(0.392300000000,0.076850000000,0.707200000000),
double3(0.358700000000,0.497300000000,0.632400000000),
double3(0.374550000000,0.126050000000,0.627700000000),
double3(0.452300000000,0.113800000000,0.654350000000),
double3(0.431650000000,0.024850000000,0.604800000000),
double3(0.369320000000,0.005205000000,0.968665000000),
double3(0.362810000000,0.131250000000,0.542600000000),
double3(0.362100000000,0.240650000000,0.837850000000),
double3(0.343550000000,0.130250000000,0.922950000000),
double3(0.347450000000,0.087500000000,0.960200000000),
double3(0.383500000000,0.203200000000,0.801950000000),
double3(0.360100000000,0.284300000000,0.801050000000),
double3(0.357700000000,0.173150000000,0.957200000000),
double3(0.391300000000,0.252700000000,0.882400000000),
double3(0.375450000000,0.123950000000,0.877700000000),
double3(0.297700000000,0.136200000000,0.904350000000),
double3(0.318350000000,0.225150000000,0.854800000000),
double3(0.119320000000,0.255205000000,0.968665000000),
double3(0.112810000000,0.381250000000,0.542600000000),
double3(0.112100000000,0.490650000000,0.837850000000),
double3(0.093550000000,0.380250000000,0.922950000000),
double3(0.097450000000,0.337500000000,0.960200000000),
double3(0.133500000000,0.453200000000,0.801950000000),
double3(0.110100000000,0.034300000000,0.801050000000),
double3(0.107700000000,0.423150000000,0.957200000000),
double3(0.141300000000,0.002700000000,0.882400000000),
double3(0.125450000000,0.373950000000,0.877700000000),
double3(0.047700000000,0.386200000000,0.904350000000),
double3(0.068350000000,0.475150000000,0.854800000000),
double3(0.130680000000,0.005205000000,0.968665000000),
double3(0.137190000000,0.131250000000,0.542600000000),
double3(0.137900000000,0.240650000000,0.837850000000),
double3(0.156450000000,0.130250000000,0.922950000000),
double3(0.152550000000,0.087500000000,0.960200000000),
double3(0.116500000000,0.203200000000,0.801950000000),
double3(0.139900000000,0.284300000000,0.801050000000),
double3(0.142300000000,0.173150000000,0.957200000000),
double3(0.108700000000,0.252700000000,0.882400000000),
double3(0.124550000000,0.123950000000,0.877700000000),
double3(0.202300000000,0.136200000000,0.904350000000),
double3(0.181650000000,0.225150000000,0.854800000000),
double3(0.380680000000,0.255205000000,0.968665000000),
double3(0.387190000000,0.381250000000,0.542600000000),
double3(0.387900000000,0.490650000000,0.837850000000),
double3(0.406450000000,0.380250000000,0.922950000000),
double3(0.402550000000,0.337500000000,0.960200000000),
double3(0.366500000000,0.453200000000,0.801950000000),
double3(0.389900000000,0.034300000000,0.801050000000),
double3(0.392300000000,0.423150000000,0.957200000000),
double3(0.358700000000,0.002700000000,0.882400000000),
double3(0.374550000000,0.373950000000,0.877700000000),
double3(0.452300000000,0.386200000000,0.904350000000),
double3(0.431650000000,0.475150000000,0.854800000000),
double3(0.369320000000,0.494795000000,0.718665000000),
double3(0.362810000000,0.368750000000,0.792600000000),
double3(0.362100000000,0.259350000000,0.587850000000),
double3(0.343550000000,0.369750000000,0.672950000000),
double3(0.347450000000,0.412500000000,0.710200000000),
double3(0.383500000000,0.296800000000,0.551950000000),
double3(0.360100000000,0.215700000000,0.551050000000),
double3(0.357700000000,0.326850000000,0.707200000000),
double3(0.391300000000,0.247300000000,0.632400000000),
double3(0.375450000000,0.376050000000,0.627700000000),
double3(0.297700000000,0.363800000000,0.654350000000),
double3(0.318350000000,0.274850000000,0.604800000000),
double3(0.119320000000,0.244795000000,0.718665000000),
double3(0.112810000000,0.118750000000,0.792600000000),
double3(0.112100000000,0.009350000000,0.587850000000),
double3(0.093550000000,0.119750000000,0.672950000000),
double3(0.097450000000,0.162500000000,0.710200000000),
double3(0.133500000000,0.046800000000,0.551950000000),
double3(0.110100000000,0.465700000000,0.551050000000),
double3(0.107700000000,0.076850000000,0.707200000000),
double3(0.141300000000,0.497300000000,0.632400000000),
double3(0.125450000000,0.126050000000,0.627700000000),
double3(0.047700000000,0.113800000000,0.654350000000),
double3(0.068350000000,0.024850000000,0.604800000000),
double3(0.250000000000,0.305015000000,0.623650000000),
double3(0.000000000000,0.055015000000,0.623650000000),
double3(0.250000000000,0.194985000000,0.873650000000),
double3(0.000000000000,0.444985000000,0.873650000000),
double3(0.130680000000,0.994795000000,0.218665000000),
double3(0.137190000000,0.868750000000,0.292600000000),
double3(0.137900000000,0.759350000000,0.087850000000),
double3(0.156450000000,0.869750000000,0.172950000000),
double3(0.152550000000,0.912500000000,0.210200000000),
double3(0.116500000000,0.796800000000,0.051950000000),
double3(0.139900000000,0.715700000000,0.051050000000),
double3(0.142300000000,0.826850000000,0.207200000000),
double3(0.108700000000,0.747300000000,0.132400000000),
double3(0.124550000000,0.876050000000,0.127700000000),
double3(0.202300000000,0.863800000000,0.154350000000),
double3(0.181650000000,0.774850000000,0.104800000000),
double3(0.380680000000,0.744795000000,0.218665000000),
double3(0.387190000000,0.618750000000,0.292600000000),
double3(0.387900000000,0.509350000000,0.087850000000),
double3(0.406450000000,0.619750000000,0.172950000000),
double3(0.402550000000,0.662500000000,0.210200000000),
double3(0.366500000000,0.546800000000,0.051950000000),
double3(0.389900000000,0.965700000000,0.051050000000),
double3(0.392300000000,0.576850000000,0.207200000000),
double3(0.358700000000,0.997300000000,0.132400000000),
double3(0.374550000000,0.626050000000,0.127700000000),
double3(0.452300000000,0.613800000000,0.154350000000),
double3(0.431650000000,0.524850000000,0.104800000000),
double3(0.369320000000,0.505205000000,0.468665000000),
double3(0.362810000000,0.631250000000,0.042600000000),
double3(0.362100000000,0.740650000000,0.337850000000),
double3(0.343550000000,0.630250000000,0.422950000000),
double3(0.347450000000,0.587500000000,0.460200000000),
double3(0.383500000000,0.703200000000,0.301950000000),
double3(0.360100000000,0.784300000000,0.301050000000),
double3(0.357700000000,0.673150000000,0.457200000000),
double3(0.391300000000,0.752700000000,0.382400000000),
double3(0.375450000000,0.623950000000,0.377700000000),
double3(0.297700000000,0.636200000000,0.404350000000),
double3(0.318350000000,0.725150000000,0.354800000000),
double3(0.119320000000,0.755205000000,0.468665000000),
double3(0.112810000000,0.881250000000,0.042600000000),
double3(0.112100000000,0.990650000000,0.337850000000),
double3(0.093550000000,0.880250000000,0.422950000000),
double3(0.097450000000,0.837500000000,0.460200000000),
double3(0.133500000000,0.953200000000,0.301950000000),
double3(0.110100000000,0.534300000000,0.301050000000),
double3(0.107700000000,0.923150000000,0.457200000000),
double3(0.141300000000,0.502700000000,0.382400000000),
double3(0.125450000000,0.873950000000,0.377700000000),
double3(0.047700000000,0.886200000000,0.404350000000),
double3(0.068350000000,0.975150000000,0.354800000000),
double3(0.130680000000,0.505205000000,0.468665000000),
double3(0.137190000000,0.631250000000,0.042600000000),
double3(0.137900000000,0.740650000000,0.337850000000),
double3(0.156450000000,0.630250000000,0.422950000000),
double3(0.152550000000,0.587500000000,0.460200000000),
double3(0.116500000000,0.703200000000,0.301950000000),
double3(0.139900000000,0.784300000000,0.301050000000),
double3(0.142300000000,0.673150000000,0.457200000000),
double3(0.108700000000,0.752700000000,0.382400000000),
double3(0.124550000000,0.623950000000,0.377700000000),
double3(0.202300000000,0.636200000000,0.404350000000),
double3(0.181650000000,0.725150000000,0.354800000000),
double3(0.380680000000,0.755205000000,0.468665000000),
double3(0.387190000000,0.881250000000,0.042600000000),
double3(0.387900000000,0.990650000000,0.337850000000),
double3(0.406450000000,0.880250000000,0.422950000000),
double3(0.402550000000,0.837500000000,0.460200000000),
double3(0.366500000000,0.953200000000,0.301950000000),
double3(0.389900000000,0.534300000000,0.301050000000),
double3(0.392300000000,0.923150000000,0.457200000000),
double3(0.358700000000,0.502700000000,0.382400000000),
double3(0.374550000000,0.873950000000,0.377700000000),
double3(0.452300000000,0.886200000000,0.404350000000),
double3(0.431650000000,0.975150000000,0.354800000000),
double3(0.369320000000,0.994795000000,0.218665000000),
double3(0.362810000000,0.868750000000,0.292600000000),
double3(0.362100000000,0.759350000000,0.087850000000),
double3(0.343550000000,0.869750000000,0.172950000000),
double3(0.347450000000,0.912500000000,0.210200000000),
double3(0.383500000000,0.796800000000,0.051950000000),
double3(0.360100000000,0.715700000000,0.051050000000),
double3(0.357700000000,0.826850000000,0.207200000000),
double3(0.391300000000,0.747300000000,0.132400000000),
double3(0.375450000000,0.876050000000,0.127700000000),
double3(0.297700000000,0.863800000000,0.154350000000),
double3(0.318350000000,0.774850000000,0.104800000000),
double3(0.119320000000,0.744795000000,0.218665000000),
double3(0.112810000000,0.618750000000,0.292600000000),
double3(0.112100000000,0.509350000000,0.087850000000),
double3(0.093550000000,0.619750000000,0.172950000000),
double3(0.097450000000,0.662500000000,0.210200000000),
double3(0.133500000000,0.546800000000,0.051950000000),
double3(0.110100000000,0.965700000000,0.051050000000),
double3(0.107700000000,0.576850000000,0.207200000000),
double3(0.141300000000,0.997300000000,0.132400000000),
double3(0.125450000000,0.626050000000,0.127700000000),
double3(0.047700000000,0.613800000000,0.154350000000),
double3(0.068350000000,0.524850000000,0.104800000000),
double3(0.250000000000,0.805015000000,0.123650000000),
double3(0.000000000000,0.555015000000,0.123650000000),
double3(0.250000000000,0.694985000000,0.373650000000),
double3(0.000000000000,0.944985000000,0.373650000000),
double3(0.130680000000,0.994795000000,0.718665000000),
double3(0.137190000000,0.868750000000,0.792600000000),
double3(0.137900000000,0.759350000000,0.587850000000),
double3(0.156450000000,0.869750000000,0.672950000000),
double3(0.152550000000,0.912500000000,0.710200000000),
double3(0.116500000000,0.796800000000,0.551950000000),
double3(0.139900000000,0.715700000000,0.551050000000),
double3(0.142300000000,0.826850000000,0.707200000000),
double3(0.108700000000,0.747300000000,0.632400000000),
double3(0.124550000000,0.876050000000,0.627700000000),
double3(0.202300000000,0.863800000000,0.654350000000),
double3(0.181650000000,0.774850000000,0.604800000000),
double3(0.380680000000,0.744795000000,0.718665000000),
double3(0.387190000000,0.618750000000,0.792600000000),
double3(0.387900000000,0.509350000000,0.587850000000),
double3(0.406450000000,0.619750000000,0.672950000000),
double3(0.402550000000,0.662500000000,0.710200000000),
double3(0.366500000000,0.546800000000,0.551950000000),
double3(0.389900000000,0.965700000000,0.551050000000),
double3(0.392300000000,0.576850000000,0.707200000000),
double3(0.358700000000,0.997300000000,0.632400000000),
double3(0.374550000000,0.626050000000,0.627700000000),
double3(0.452300000000,0.613800000000,0.654350000000),
double3(0.431650000000,0.524850000000,0.604800000000),
double3(0.369320000000,0.505205000000,0.968665000000),
double3(0.362810000000,0.631250000000,0.542600000000),
double3(0.362100000000,0.740650000000,0.837850000000),
double3(0.343550000000,0.630250000000,0.922950000000),
double3(0.347450000000,0.587500000000,0.960200000000),
double3(0.383500000000,0.703200000000,0.801950000000),
double3(0.360100000000,0.784300000000,0.801050000000),
double3(0.357700000000,0.673150000000,0.957200000000),
double3(0.391300000000,0.752700000000,0.882400000000),
double3(0.375450000000,0.623950000000,0.877700000000),
double3(0.297700000000,0.636200000000,0.904350000000),
double3(0.318350000000,0.725150000000,0.854800000000),
double3(0.119320000000,0.755205000000,0.968665000000),
double3(0.112810000000,0.881250000000,0.542600000000),
double3(0.112100000000,0.990650000000,0.837850000000),
double3(0.093550000000,0.880250000000,0.922950000000),
double3(0.097450000000,0.837500000000,0.960200000000),
double3(0.133500000000,0.953200000000,0.801950000000),
double3(0.110100000000,0.534300000000,0.801050000000),
double3(0.107700000000,0.923150000000,0.957200000000),
double3(0.141300000000,0.502700000000,0.882400000000),
double3(0.125450000000,0.873950000000,0.877700000000),
double3(0.047700000000,0.886200000000,0.904350000000),
double3(0.068350000000,0.975150000000,0.854800000000),
double3(0.130680000000,0.505205000000,0.968665000000),
double3(0.137190000000,0.631250000000,0.542600000000),
double3(0.137900000000,0.740650000000,0.837850000000),
double3(0.156450000000,0.630250000000,0.922950000000),
double3(0.152550000000,0.587500000000,0.960200000000),
double3(0.116500000000,0.703200000000,0.801950000000),
double3(0.139900000000,0.784300000000,0.801050000000),
double3(0.142300000000,0.673150000000,0.957200000000),
double3(0.108700000000,0.752700000000,0.882400000000),
double3(0.124550000000,0.623950000000,0.877700000000),
double3(0.202300000000,0.636200000000,0.904350000000),
double3(0.181650000000,0.725150000000,0.854800000000),
double3(0.380680000000,0.755205000000,0.968665000000),
double3(0.387190000000,0.881250000000,0.542600000000),
double3(0.387900000000,0.990650000000,0.837850000000),
double3(0.406450000000,0.880250000000,0.922950000000),
double3(0.402550000000,0.837500000000,0.960200000000),
double3(0.366500000000,0.953200000000,0.801950000000),
double3(0.389900000000,0.534300000000,0.801050000000),
double3(0.392300000000,0.923150000000,0.957200000000),
double3(0.358700000000,0.502700000000,0.882400000000),
double3(0.374550000000,0.873950000000,0.877700000000),
double3(0.452300000000,0.886200000000,0.904350000000),
double3(0.431650000000,0.975150000000,0.854800000000),
double3(0.369320000000,0.994795000000,0.718665000000),
double3(0.362810000000,0.868750000000,0.792600000000),
double3(0.362100000000,0.759350000000,0.587850000000),
double3(0.343550000000,0.869750000000,0.672950000000),
double3(0.347450000000,0.912500000000,0.710200000000),
double3(0.383500000000,0.796800000000,0.551950000000),
double3(0.360100000000,0.715700000000,0.551050000000),
double3(0.357700000000,0.826850000000,0.707200000000),
double3(0.391300000000,0.747300000000,0.632400000000),
double3(0.375450000000,0.876050000000,0.627700000000),
double3(0.297700000000,0.863800000000,0.654350000000),
double3(0.318350000000,0.774850000000,0.604800000000),
double3(0.119320000000,0.744795000000,0.718665000000),
double3(0.112810000000,0.618750000000,0.792600000000),
double3(0.112100000000,0.509350000000,0.587850000000),
double3(0.093550000000,0.619750000000,0.672950000000),
double3(0.097450000000,0.662500000000,0.710200000000),
double3(0.133500000000,0.546800000000,0.551950000000),
double3(0.110100000000,0.965700000000,0.551050000000),
double3(0.107700000000,0.576850000000,0.707200000000),
double3(0.141300000000,0.997300000000,0.632400000000),
double3(0.125450000000,0.626050000000,0.627700000000),
double3(0.047700000000,0.613800000000,0.654350000000),
double3(0.068350000000,0.524850000000,0.604800000000),
double3(0.250000000000,0.805015000000,0.623650000000),
double3(0.000000000000,0.555015000000,0.623650000000),
double3(0.250000000000,0.694985000000,0.873650000000),
double3(0.000000000000,0.944985000000,0.873650000000),
double3(0.630680000000,0.494795000000,0.218665000000),
double3(0.637190000000,0.368750000000,0.292600000000),
double3(0.637900000000,0.259350000000,0.087850000000),
double3(0.656450000000,0.369750000000,0.172950000000),
double3(0.652550000000,0.412500000000,0.210200000000),
double3(0.616500000000,0.296800000000,0.051950000000),
double3(0.639900000000,0.215700000000,0.051050000000),
double3(0.642300000000,0.326850000000,0.207200000000),
double3(0.608700000000,0.247300000000,0.132400000000),
double3(0.624550000000,0.376050000000,0.127700000000),
double3(0.702300000000,0.363800000000,0.154350000000),
double3(0.681650000000,0.274850000000,0.104800000000),
double3(0.880680000000,0.244795000000,0.218665000000),
double3(0.887190000000,0.118750000000,0.292600000000),
double3(0.887900000000,0.009350000000,0.087850000000),
double3(0.906450000000,0.119750000000,0.172950000000),
double3(0.902550000000,0.162500000000,0.210200000000),
double3(0.866500000000,0.046800000000,0.051950000000),
double3(0.889900000000,0.465700000000,0.051050000000),
double3(0.892300000000,0.076850000000,0.207200000000),
double3(0.858700000000,0.497300000000,0.132400000000),
double3(0.874550000000,0.126050000000,0.127700000000),
double3(0.952300000000,0.113800000000,0.154350000000),
double3(0.931650000000,0.024850000000,0.104800000000),
double3(0.869320000000,0.005205000000,0.468665000000),
double3(0.862810000000,0.131250000000,0.042600000000),
double3(0.862100000000,0.240650000000,0.337850000000),
double3(0.843550000000,0.130250000000,0.422950000000),
double3(0.847450000000,0.087500000000,0.460200000000),
double3(0.883500000000,0.203200000000,0.301950000000),
double3(0.860100000000,0.284300000000,0.301050000000),
double3(0.857700000000,0.173150000000,0.457200000000),
double3(0.891300000000,0.252700000000,0.382400000000),
double3(0.875450000000,0.123950000000,0.377700000000),
double3(0.797700000000,0.136200000000,0.404350000000),
double3(0.818350000000,0.225150000000,0.354800000000),
double3(0.619320000000,0.255205000000,0.468665000000),
double3(0.612810000000,0.381250000000,0.042600000000),
double3(0.612100000000,0.490650000000,0.337850000000),
double3(0.593550000000,0.380250000000,0.422950000000),
double3(0.597450000000,0.337500000000,0.460200000000),
double3(0.633500000000,0.453200000000,0.301950000000),
double3(0.610100000000,0.034300000000,0.301050000000),
double3(0.607700000000,0.423150000000,0.457200000000),
double3(0.641300000000,0.002700000000,0.382400000000),
double3(0.625450000000,0.373950000000,0.377700000000),
double3(0.547700000000,0.386200000000,0.404350000000),
double3(0.568350000000,0.475150000000,0.354800000000),
double3(0.630680000000,0.005205000000,0.468665000000),
double3(0.637190000000,0.131250000000,0.042600000000),
double3(0.637900000000,0.240650000000,0.337850000000),
double3(0.656450000000,0.130250000000,0.422950000000),
double3(0.652550000000,0.087500000000,0.460200000000),
double3(0.616500000000,0.203200000000,0.301950000000),
double3(0.639900000000,0.284300000000,0.301050000000),
double3(0.642300000000,0.173150000000,0.457200000000),
double3(0.608700000000,0.252700000000,0.382400000000),
double3(0.624550000000,0.123950000000,0.377700000000),
double3(0.702300000000,0.136200000000,0.404350000000),
double3(0.681650000000,0.225150000000,0.354800000000),
double3(0.880680000000,0.255205000000,0.468665000000),
double3(0.887190000000,0.381250000000,0.042600000000),
double3(0.887900000000,0.490650000000,0.337850000000),
double3(0.906450000000,0.380250000000,0.422950000000),
double3(0.902550000000,0.337500000000,0.460200000000),
double3(0.866500000000,0.453200000000,0.301950000000),
double3(0.889900000000,0.034300000000,0.301050000000),
double3(0.892300000000,0.423150000000,0.457200000000),
double3(0.858700000000,0.002700000000,0.382400000000),
double3(0.874550000000,0.373950000000,0.377700000000),
double3(0.952300000000,0.386200000000,0.404350000000),
double3(0.931650000000,0.475150000000,0.354800000000),
double3(0.869320000000,0.494795000000,0.218665000000),
double3(0.862810000000,0.368750000000,0.292600000000),
double3(0.862100000000,0.259350000000,0.087850000000),
double3(0.843550000000,0.369750000000,0.172950000000),
double3(0.847450000000,0.412500000000,0.210200000000),
double3(0.883500000000,0.296800000000,0.051950000000),
double3(0.860100000000,0.215700000000,0.051050000000),
double3(0.857700000000,0.326850000000,0.207200000000),
double3(0.891300000000,0.247300000000,0.132400000000),
double3(0.875450000000,0.376050000000,0.127700000000),
double3(0.797700000000,0.363800000000,0.154350000000),
double3(0.818350000000,0.274850000000,0.104800000000),
double3(0.619320000000,0.244795000000,0.218665000000),
double3(0.612810000000,0.118750000000,0.292600000000),
double3(0.612100000000,0.009350000000,0.087850000000),
double3(0.593550000000,0.119750000000,0.172950000000),
double3(0.597450000000,0.162500000000,0.210200000000),
double3(0.633500000000,0.046800000000,0.051950000000),
double3(0.610100000000,0.465700000000,0.051050000000),
double3(0.607700000000,0.076850000000,0.207200000000),
double3(0.641300000000,0.497300000000,0.132400000000),
double3(0.625450000000,0.126050000000,0.127700000000),
double3(0.547700000000,0.113800000000,0.154350000000),
double3(0.568350000000,0.024850000000,0.104800000000),
double3(0.750000000000,0.305015000000,0.123650000000),
double3(0.500000000000,0.055015000000,0.123650000000),
double3(0.750000000000,0.194985000000,0.373650000000),
double3(0.500000000000,0.444985000000,0.373650000000),
double3(0.630680000000,0.494795000000,0.718665000000),
double3(0.637190000000,0.368750000000,0.792600000000),
double3(0.637900000000,0.259350000000,0.587850000000),
double3(0.656450000000,0.369750000000,0.672950000000),
double3(0.652550000000,0.412500000000,0.710200000000),
double3(0.616500000000,0.296800000000,0.551950000000),
double3(0.639900000000,0.215700000000,0.551050000000),
double3(0.642300000000,0.326850000000,0.707200000000),
double3(0.608700000000,0.247300000000,0.632400000000),
double3(0.624550000000,0.376050000000,0.627700000000),
double3(0.702300000000,0.363800000000,0.654350000000),
double3(0.681650000000,0.274850000000,0.604800000000),
double3(0.880680000000,0.244795000000,0.718665000000),
double3(0.887190000000,0.118750000000,0.792600000000),
double3(0.887900000000,0.009350000000,0.587850000000),
double3(0.906450000000,0.119750000000,0.672950000000),
double3(0.902550000000,0.162500000000,0.710200000000),
double3(0.866500000000,0.046800000000,0.551950000000),
double3(0.889900000000,0.465700000000,0.551050000000),
double3(0.892300000000,0.076850000000,0.707200000000),
double3(0.858700000000,0.497300000000,0.632400000000),
double3(0.874550000000,0.126050000000,0.627700000000),
double3(0.952300000000,0.113800000000,0.654350000000),
double3(0.931650000000,0.024850000000,0.604800000000),
double3(0.869320000000,0.005205000000,0.968665000000),
double3(0.862810000000,0.131250000000,0.542600000000),
double3(0.862100000000,0.240650000000,0.837850000000),
double3(0.843550000000,0.130250000000,0.922950000000),
double3(0.847450000000,0.087500000000,0.960200000000),
double3(0.883500000000,0.203200000000,0.801950000000),
double3(0.860100000000,0.284300000000,0.801050000000),
double3(0.857700000000,0.173150000000,0.957200000000),
double3(0.891300000000,0.252700000000,0.882400000000),
double3(0.875450000000,0.123950000000,0.877700000000),
double3(0.797700000000,0.136200000000,0.904350000000),
double3(0.818350000000,0.225150000000,0.854800000000),
double3(0.619320000000,0.255205000000,0.968665000000),
double3(0.612810000000,0.381250000000,0.542600000000),
double3(0.612100000000,0.490650000000,0.837850000000),
double3(0.593550000000,0.380250000000,0.922950000000),
double3(0.597450000000,0.337500000000,0.960200000000),
double3(0.633500000000,0.453200000000,0.801950000000),
double3(0.610100000000,0.034300000000,0.801050000000),
double3(0.607700000000,0.423150000000,0.957200000000),
double3(0.641300000000,0.002700000000,0.882400000000),
double3(0.625450000000,0.373950000000,0.877700000000),
double3(0.547700000000,0.386200000000,0.904350000000),
double3(0.568350000000,0.475150000000,0.854800000000),
double3(0.630680000000,0.005205000000,0.968665000000),
double3(0.637190000000,0.131250000000,0.542600000000),
double3(0.637900000000,0.240650000000,0.837850000000),
double3(0.656450000000,0.130250000000,0.922950000000),
double3(0.652550000000,0.087500000000,0.960200000000),
double3(0.616500000000,0.203200000000,0.801950000000),
double3(0.639900000000,0.284300000000,0.801050000000),
double3(0.642300000000,0.173150000000,0.957200000000),
double3(0.608700000000,0.252700000000,0.882400000000),
double3(0.624550000000,0.123950000000,0.877700000000),
double3(0.702300000000,0.136200000000,0.904350000000),
double3(0.681650000000,0.225150000000,0.854800000000),
double3(0.880680000000,0.255205000000,0.968665000000),
double3(0.887190000000,0.381250000000,0.542600000000),
double3(0.887900000000,0.490650000000,0.837850000000),
double3(0.906450000000,0.380250000000,0.922950000000),
double3(0.902550000000,0.337500000000,0.960200000000),
double3(0.866500000000,0.453200000000,0.801950000000),
double3(0.889900000000,0.034300000000,0.801050000000),
double3(0.892300000000,0.423150000000,0.957200000000),
double3(0.858700000000,0.002700000000,0.882400000000),
double3(0.874550000000,0.373950000000,0.877700000000),
double3(0.952300000000,0.386200000000,0.904350000000),
double3(0.931650000000,0.475150000000,0.854800000000),
double3(0.869320000000,0.494795000000,0.718665000000),
double3(0.862810000000,0.368750000000,0.792600000000),
double3(0.862100000000,0.259350000000,0.587850000000),
double3(0.843550000000,0.369750000000,0.672950000000),
double3(0.847450000000,0.412500000000,0.710200000000),
double3(0.883500000000,0.296800000000,0.551950000000),
double3(0.860100000000,0.215700000000,0.551050000000),
double3(0.857700000000,0.326850000000,0.707200000000),
double3(0.891300000000,0.247300000000,0.632400000000),
double3(0.875450000000,0.376050000000,0.627700000000),
double3(0.797700000000,0.363800000000,0.654350000000),
double3(0.818350000000,0.274850000000,0.604800000000),
double3(0.619320000000,0.244795000000,0.718665000000),
double3(0.612810000000,0.118750000000,0.792600000000),
double3(0.612100000000,0.009350000000,0.587850000000),
double3(0.593550000000,0.119750000000,0.672950000000),
double3(0.597450000000,0.162500000000,0.710200000000),
double3(0.633500000000,0.046800000000,0.551950000000),
double3(0.610100000000,0.465700000000,0.551050000000),
double3(0.607700000000,0.076850000000,0.707200000000),
double3(0.641300000000,0.497300000000,0.632400000000),
double3(0.625450000000,0.126050000000,0.627700000000),
double3(0.547700000000,0.113800000000,0.654350000000),
double3(0.568350000000,0.024850000000,0.604800000000),
double3(0.750000000000,0.305015000000,0.623650000000),
double3(0.500000000000,0.055015000000,0.623650000000),
double3(0.750000000000,0.194985000000,0.873650000000),
double3(0.500000000000,0.444985000000,0.873650000000),
double3(0.630680000000,0.994795000000,0.218665000000),
double3(0.637190000000,0.868750000000,0.292600000000),
double3(0.637900000000,0.759350000000,0.087850000000),
double3(0.656450000000,0.869750000000,0.172950000000),
double3(0.652550000000,0.912500000000,0.210200000000),
double3(0.616500000000,0.796800000000,0.051950000000),
double3(0.639900000000,0.715700000000,0.051050000000),
double3(0.642300000000,0.826850000000,0.207200000000),
double3(0.608700000000,0.747300000000,0.132400000000),
double3(0.624550000000,0.876050000000,0.127700000000),
double3(0.702300000000,0.863800000000,0.154350000000),
double3(0.681650000000,0.774850000000,0.104800000000),
double3(0.880680000000,0.744795000000,0.218665000000),
double3(0.887190000000,0.618750000000,0.292600000000),
double3(0.887900000000,0.509350000000,0.087850000000),
double3(0.906450000000,0.619750000000,0.172950000000),
double3(0.902550000000,0.662500000000,0.210200000000),
double3(0.866500000000,0.546800000000,0.051950000000),
double3(0.889900000000,0.965700000000,0.051050000000),
double3(0.892300000000,0.576850000000,0.207200000000),
double3(0.858700000000,0.997300000000,0.132400000000),
double3(0.874550000000,0.626050000000,0.127700000000),
double3(0.952300000000,0.613800000000,0.154350000000),
double3(0.931650000000,0.524850000000,0.104800000000),
double3(0.869320000000,0.505205000000,0.468665000000),
double3(0.862810000000,0.631250000000,0.042600000000),
double3(0.862100000000,0.740650000000,0.337850000000),
double3(0.843550000000,0.630250000000,0.422950000000),
double3(0.847450000000,0.587500000000,0.460200000000),
double3(0.883500000000,0.703200000000,0.301950000000),
double3(0.860100000000,0.784300000000,0.301050000000),
double3(0.857700000000,0.673150000000,0.457200000000),
double3(0.891300000000,0.752700000000,0.382400000000),
double3(0.875450000000,0.623950000000,0.377700000000),
double3(0.797700000000,0.636200000000,0.404350000000),
double3(0.818350000000,0.725150000000,0.354800000000),
double3(0.619320000000,0.755205000000,0.468665000000),
double3(0.612810000000,0.881250000000,0.042600000000),
double3(0.612100000000,0.990650000000,0.337850000000),
double3(0.593550000000,0.880250000000,0.422950000000),
double3(0.597450000000,0.837500000000,0.460200000000),
double3(0.633500000000,0.953200000000,0.301950000000),
double3(0.610100000000,0.534300000000,0.301050000000),
double3(0.607700000000,0.923150000000,0.457200000000),
double3(0.641300000000,0.502700000000,0.382400000000),
double3(0.625450000000,0.873950000000,0.377700000000),
double3(0.547700000000,0.886200000000,0.404350000000),
double3(0.568350000000,0.975150000000,0.354800000000),
double3(0.630680000000,0.505205000000,0.468665000000),
double3(0.637190000000,0.631250000000,0.042600000000),
double3(0.637900000000,0.740650000000,0.337850000000),
double3(0.656450000000,0.630250000000,0.422950000000),
double3(0.652550000000,0.587500000000,0.460200000000),
double3(0.616500000000,0.703200000000,0.301950000000),
double3(0.639900000000,0.784300000000,0.301050000000),
double3(0.642300000000,0.673150000000,0.457200000000),
double3(0.608700000000,0.752700000000,0.382400000000),
double3(0.624550000000,0.623950000000,0.377700000000),
double3(0.702300000000,0.636200000000,0.404350000000),
double3(0.681650000000,0.725150000000,0.354800000000),
double3(0.880680000000,0.755205000000,0.468665000000),
double3(0.887190000000,0.881250000000,0.042600000000),
double3(0.887900000000,0.990650000000,0.337850000000),
double3(0.906450000000,0.880250000000,0.422950000000),
double3(0.902550000000,0.837500000000,0.460200000000),
double3(0.866500000000,0.953200000000,0.301950000000),
double3(0.889900000000,0.534300000000,0.301050000000),
double3(0.892300000000,0.923150000000,0.457200000000),
double3(0.858700000000,0.502700000000,0.382400000000),
double3(0.874550000000,0.873950000000,0.377700000000),
double3(0.952300000000,0.886200000000,0.404350000000),
double3(0.931650000000,0.975150000000,0.354800000000),
double3(0.869320000000,0.994795000000,0.218665000000),
double3(0.862810000000,0.868750000000,0.292600000000),
double3(0.862100000000,0.759350000000,0.087850000000),
double3(0.843550000000,0.869750000000,0.172950000000),
double3(0.847450000000,0.912500000000,0.210200000000),
double3(0.883500000000,0.796800000000,0.051950000000),
double3(0.860100000000,0.715700000000,0.051050000000),
double3(0.857700000000,0.826850000000,0.207200000000),
double3(0.891300000000,0.747300000000,0.132400000000),
double3(0.875450000000,0.876050000000,0.127700000000),
double3(0.797700000000,0.863800000000,0.154350000000),
double3(0.818350000000,0.774850000000,0.104800000000),
double3(0.619320000000,0.744795000000,0.218665000000),
double3(0.612810000000,0.618750000000,0.292600000000),
double3(0.612100000000,0.509350000000,0.087850000000),
double3(0.593550000000,0.619750000000,0.172950000000),
double3(0.597450000000,0.662500000000,0.210200000000),
double3(0.633500000000,0.546800000000,0.051950000000),
double3(0.610100000000,0.965700000000,0.051050000000),
double3(0.607700000000,0.576850000000,0.207200000000),
double3(0.641300000000,0.997300000000,0.132400000000),
double3(0.625450000000,0.626050000000,0.127700000000),
double3(0.547700000000,0.613800000000,0.154350000000),
double3(0.568350000000,0.524850000000,0.104800000000),
double3(0.750000000000,0.805015000000,0.123650000000),
double3(0.500000000000,0.555015000000,0.123650000000),
double3(0.750000000000,0.694985000000,0.373650000000),
double3(0.500000000000,0.944985000000,0.373650000000),
double3(0.630680000000,0.994795000000,0.718665000000),
double3(0.637190000000,0.868750000000,0.792600000000),
double3(0.637900000000,0.759350000000,0.587850000000),
double3(0.656450000000,0.869750000000,0.672950000000),
double3(0.652550000000,0.912500000000,0.710200000000),
double3(0.616500000000,0.796800000000,0.551950000000),
double3(0.639900000000,0.715700000000,0.551050000000),
double3(0.642300000000,0.826850000000,0.707200000000),
double3(0.608700000000,0.747300000000,0.632400000000),
double3(0.624550000000,0.876050000000,0.627700000000),
double3(0.702300000000,0.863800000000,0.654350000000),
double3(0.681650000000,0.774850000000,0.604800000000),
double3(0.880680000000,0.744795000000,0.718665000000),
double3(0.887190000000,0.618750000000,0.792600000000),
double3(0.887900000000,0.509350000000,0.587850000000),
double3(0.906450000000,0.619750000000,0.672950000000),
double3(0.902550000000,0.662500000000,0.710200000000),
double3(0.866500000000,0.546800000000,0.551950000000),
double3(0.889900000000,0.965700000000,0.551050000000),
double3(0.892300000000,0.576850000000,0.707200000000),
double3(0.858700000000,0.997300000000,0.632400000000),
double3(0.874550000000,0.626050000000,0.627700000000),
double3(0.952300000000,0.613800000000,0.654350000000),
double3(0.931650000000,0.524850000000,0.604800000000),
double3(0.869320000000,0.505205000000,0.968665000000),
double3(0.862810000000,0.631250000000,0.542600000000),
double3(0.862100000000,0.740650000000,0.837850000000),
double3(0.843550000000,0.630250000000,0.922950000000),
double3(0.847450000000,0.587500000000,0.960200000000),
double3(0.883500000000,0.703200000000,0.801950000000),
double3(0.860100000000,0.784300000000,0.801050000000),
double3(0.857700000000,0.673150000000,0.957200000000),
double3(0.891300000000,0.752700000000,0.882400000000),
double3(0.875450000000,0.623950000000,0.877700000000),
double3(0.797700000000,0.636200000000,0.904350000000),
double3(0.818350000000,0.725150000000,0.854800000000),
double3(0.619320000000,0.755205000000,0.968665000000),
double3(0.612810000000,0.881250000000,0.542600000000),
double3(0.612100000000,0.990650000000,0.837850000000),
double3(0.593550000000,0.880250000000,0.922950000000),
double3(0.597450000000,0.837500000000,0.960200000000),
double3(0.633500000000,0.953200000000,0.801950000000),
double3(0.610100000000,0.534300000000,0.801050000000),
double3(0.607700000000,0.923150000000,0.957200000000),
double3(0.641300000000,0.502700000000,0.882400000000),
double3(0.625450000000,0.873950000000,0.877700000000),
double3(0.547700000000,0.886200000000,0.904350000000),
double3(0.568350000000,0.975150000000,0.854800000000),
double3(0.630680000000,0.505205000000,0.968665000000),
double3(0.637190000000,0.631250000000,0.542600000000),
double3(0.637900000000,0.740650000000,0.837850000000),
double3(0.656450000000,0.630250000000,0.922950000000),
double3(0.652550000000,0.587500000000,0.960200000000),
double3(0.616500000000,0.703200000000,0.801950000000),
double3(0.639900000000,0.784300000000,0.801050000000),
double3(0.642300000000,0.673150000000,0.957200000000),
double3(0.608700000000,0.752700000000,0.882400000000),
double3(0.624550000000,0.623950000000,0.877700000000),
double3(0.702300000000,0.636200000000,0.904350000000),
double3(0.681650000000,0.725150000000,0.854800000000),
double3(0.880680000000,0.755205000000,0.968665000000),
double3(0.887190000000,0.881250000000,0.542600000000),
double3(0.887900000000,0.990650000000,0.837850000000),
double3(0.906450000000,0.880250000000,0.922950000000),
double3(0.902550000000,0.837500000000,0.960200000000),
double3(0.866500000000,0.953200000000,0.801950000000),
double3(0.889900000000,0.534300000000,0.801050000000),
double3(0.892300000000,0.923150000000,0.957200000000),
double3(0.858700000000,0.502700000000,0.882400000000),
double3(0.874550000000,0.873950000000,0.877700000000),
double3(0.952300000000,0.886200000000,0.904350000000),
double3(0.931650000000,0.975150000000,0.854800000000),
double3(0.869320000000,0.994795000000,0.718665000000),
double3(0.862810000000,0.868750000000,0.792600000000),
double3(0.862100000000,0.759350000000,0.587850000000),
double3(0.843550000000,0.869750000000,0.672950000000),
double3(0.847450000000,0.912500000000,0.710200000000),
double3(0.883500000000,0.796800000000,0.551950000000),
double3(0.860100000000,0.715700000000,0.551050000000),
double3(0.857700000000,0.826850000000,0.707200000000),
double3(0.891300000000,0.747300000000,0.632400000000),
double3(0.875450000000,0.876050000000,0.627700000000),
double3(0.797700000000,0.863800000000,0.654350000000),
double3(0.818350000000,0.774850000000,0.604800000000),
double3(0.619320000000,0.744795000000,0.718665000000),
double3(0.612810000000,0.618750000000,0.792600000000),
double3(0.612100000000,0.509350000000,0.587850000000),
double3(0.593550000000,0.619750000000,0.672950000000),
double3(0.597450000000,0.662500000000,0.710200000000),
double3(0.633500000000,0.546800000000,0.551950000000),
double3(0.610100000000,0.965700000000,0.551050000000),
double3(0.607700000000,0.576850000000,0.707200000000),
double3(0.641300000000,0.997300000000,0.632400000000),
double3(0.625450000000,0.626050000000,0.627700000000),
double3(0.547700000000,0.613800000000,0.654350000000),
double3(0.568350000000,0.524850000000,0.604800000000),
double3(0.750000000000,0.805015000000,0.623650000000),
double3(0.500000000000,0.555015000000,0.623650000000),
double3(0.750000000000,0.694985000000,0.873650000000),
double3(0.500000000000,0.944985000000,0.873650000000),
