[double3(26.647000000000,0.000000000000,0.000000000000),double3(0.000000000000,26.647000000000,0.000000000000),double3(0.000000000000,0.000000000000,26.647000000000)]

double3(0.242600000000,0.317000000000,0.053100000000),
double3(0.242600000000,0.817000000000,0.553100000000),
double3(0.742600000000,0.317000000000,0.553100000000),
double3(0.742600000000,0.817000000000,0.053100000000),
double3(0.757400000000,0.683000000000,0.053100000000),
double3(0.757400000000,0.183000000000,0.553100000000),
double3(0.257400000000,0.683000000000,0.553100000000),
double3(0.257400000000,0.183000000000,0.053100000000),
double3(0.757400000000,0.317000000000,0.946900000000),
double3(0.757400000000,0.817000000000,0.446900000000),
double3(0.257400000000,0.317000000000,0.446900000000),
double3(0.257400000000,0.817000000000,0.946900000000),
double3(0.242600000000,0.683000000000,0.946900000000),
double3(0.242600000000,0.183000000000,0.446900000000),
double3(0.742600000000,0.683000000000,0.446900000000),
double3(0.742600000000,0.183000000000,0.946900000000),
double3(0.053100000000,0.242600000000,0.317000000000),
double3(0.053100000000,0.742600000000,0.817000000000),
double3(0.553100000000,0.242600000000,0.817000000000),
double3(0.553100000000,0.742600000000,0.317000000000),
double3(0.053100000000,0.757400000000,0.683000000000),
double3(0.053100000000,0.257400000000,0.183000000000),
double3(0.553100000000,0.757400000000,0.183000000000),
double3(0.553100000000,0.257400000000,0.683000000000),
double3(0.946900000000,0.757400000000,0.317000000000),
double3(0.946900000000,0.257400000000,0.817000000000),
double3(0.446900000000,0.757400000000,0.817000000000),
double3(0.446900000000,0.257400000000,0.317000000000),
double3(0.946900000000,0.242600000000,0.683000000000),
double3(0.946900000000,0.742600000000,0.183000000000),
double3(0.446900000000,0.242600000000,0.183000000000),
double3(0.446900000000,0.742600000000,0.683000000000),
double3(0.317000000000,0.053100000000,0.242600000000),
double3(0.317000000000,0.553100000000,0.742600000000),
double3(0.817000000000,0.053100000000,0.742600000000),
double3(0.817000000000,0.553100000000,0.242600000000),
double3(0.683000000000,0.053100000000,0.757400000000),
double3(0.683000000000,0.553100000000,0.257400000000),
double3(0.183000000000,0.053100000000,0.257400000000),
double3(0.183000000000,0.553100000000,0.757400000000),
double3(0.317000000000,0.946900000000,0.757400000000),
double3(0.317000000000,0.446900000000,0.257400000000),
double3(0.817000000000,0.946900000000,0.257400000000),
double3(0.817000000000,0.446900000000,0.757400000000),
double3(0.683000000000,0.946900000000,0.242600000000),
double3(0.683000000000,0.446900000000,0.742600000000),
double3(0.183000000000,0.946900000000,0.742600000000),
double3(0.183000000000,0.446900000000,0.242600000000),
double3(0.317000000000,0.242600000000,0.946900000000),
double3(0.317000000000,0.742600000000,0.446900000000),
double3(0.817000000000,0.242600000000,0.446900000000),
double3(0.817000000000,0.742600000000,0.946900000000),
double3(0.683000000000,0.757400000000,0.946900000000),
double3(0.683000000000,0.257400000000,0.446900000000),
double3(0.183000000000,0.757400000000,0.446900000000),
double3(0.183000000000,0.257400000000,0.946900000000),
double3(0.317000000000,0.757400000000,0.053100000000),
double3(0.317000000000,0.257400000000,0.553100000000),
double3(0.817000000000,0.757400000000,0.553100000000),
double3(0.817000000000,0.257400000000,0.053100000000),
double3(0.683000000000,0.242600000000,0.053100000000),
double3(0.683000000000,0.742600000000,0.553100000000),
double3(0.183000000000,0.242600000000,0.553100000000),
double3(0.183000000000,0.742600000000,0.053100000000),
double3(0.242600000000,0.053100000000,0.683000000000),
double3(0.242600000000,0.553100000000,0.183000000000),
double3(0.742600000000,0.053100000000,0.183000000000),
double3(0.742600000000,0.553100000000,0.683000000000),
double3(0.757400000000,0.053100000000,0.317000000000),
double3(0.757400000000,0.553100000000,0.817000000000),
double3(0.257400000000,0.053100000000,0.817000000000),
double3(0.257400000000,0.553100000000,0.317000000000),
double3(0.757400000000,0.946900000000,0.683000000000),
double3(0.757400000000,0.446900000000,0.183000000000),
double3(0.257400000000,0.946900000000,0.183000000000),
double3(0.257400000000,0.446900000000,0.683000000000),
double3(0.242600000000,0.946900000000,0.317000000000),
double3(0.242600000000,0.446900000000,0.817000000000),
double3(0.742600000000,0.946900000000,0.817000000000),
double3(0.742600000000,0.446900000000,0.317000000000),
double3(0.053100000000,0.317000000000,0.757400000000),
double3(0.053100000000,0.817000000000,0.257400000000),
double3(0.553100000000,0.317000000000,0.257400000000),
double3(0.553100000000,0.817000000000,0.757400000000),
double3(0.053100000000,0.683000000000,0.242600000000),
double3(0.053100000000,0.183000000000,0.742600000000),
double3(0.553100000000,0.683000000000,0.742600000000),
double3(0.553100000000,0.183000000000,0.242600000000),
double3(0.946900000000,0.317000000000,0.242600000000),
double3(0.946900000000,0.817000000000,0.742600000000),
double3(0.446900000000,0.317000000000,0.742600000000),
double3(0.446900000000,0.817000000000,0.242600000000),
double3(0.946900000000,0.683000000000,0.757400000000),
double3(0.946900000000,0.183000000000,0.257400000000),
double3(0.446900000000,0.683000000000,0.257400000000),
double3(0.446900000000,0.183000000000,0.757400000000),
double3(0.757400000000,0.683000000000,0.946900000000),
double3(0.757400000000,0.183000000000,0.446900000000),
double3(0.257400000000,0.683000000000,0.446900000000),
double3(0.257400000000,0.183000000000,0.946900000000),
double3(0.242600000000,0.317000000000,0.946900000000),
double3(0.242600000000,0.817000000000,0.446900000000),
double3(0.742600000000,0.317000000000,0.446900000000),
double3(0.742600000000,0.817000000000,0.946900000000),
double3(0.242600000000,0.683000000000,0.053100000000),
double3(0.242600000000,0.183000000000,0.553100000000),
double3(0.742600000000,0.683000000000,0.553100000000),
double3(0.742600000000,0.183000000000,0.053100000000),
double3(0.757400000000,0.317000000000,0.053100000000),
double3(0.757400000000,0.817000000000,0.553100000000),
double3(0.257400000000,0.317000000000,0.553100000000),
double3(0.257400000000,0.817000000000,0.053100000000),
double3(0.946900000000,0.757400000000,0.683000000000),
double3(0.946900000000,0.257400000000,0.183000000000),
double3(0.446900000000,0.757400000000,0.183000000000),
double3(0.446900000000,0.257400000000,0.683000000000),
double3(0.946900000000,0.242600000000,0.317000000000),
double3(0.946900000000,0.742600000000,0.817000000000),
double3(0.446900000000,0.242600000000,0.817000000000),
double3(0.446900000000,0.742600000000,0.317000000000),
double3(0.053100000000,0.242600000000,0.683000000000),
double3(0.053100000000,0.742600000000,0.183000000000),
double3(0.553100000000,0.242600000000,0.183000000000),
double3(0.553100000000,0.742600000000,0.683000000000),
double3(0.053100000000,0.757400000000,0.317000000000),
double3(0.053100000000,0.257400000000,0.817000000000),
double3(0.553100000000,0.757400000000,0.817000000000),
double3(0.553100000000,0.257400000000,0.317000000000),
double3(0.683000000000,0.946900000000,0.757400000000),
double3(0.683000000000,0.446900000000,0.257400000000),
double3(0.183000000000,0.946900000000,0.257400000000),
double3(0.183000000000,0.446900000000,0.757400000000),
double3(0.317000000000,0.946900000000,0.242600000000),
double3(0.317000000000,0.446900000000,0.742600000000),
double3(0.817000000000,0.946900000000,0.742600000000),
double3(0.817000000000,0.446900000000,0.242600000000),
double3(0.683000000000,0.053100000000,0.242600000000),
double3(0.683000000000,0.553100000000,0.742600000000),
double3(0.183000000000,0.053100000000,0.742600000000),
double3(0.183000000000,0.553100000000,0.242600000000),
double3(0.317000000000,0.053100000000,0.757400000000),
double3(0.317000000000,0.553100000000,0.257400000000),
double3(0.817000000000,0.053100000000,0.257400000000),
double3(0.817000000000,0.553100000000,0.757400000000),
double3(0.683000000000,0.757400000000,0.053100000000),
double3(0.683000000000,0.257400000000,0.553100000000),
double3(0.183000000000,0.757400000000,0.553100000000),
double3(0.183000000000,0.257400000000,0.053100000000),
double3(0.317000000000,0.242600000000,0.053100000000),
double3(0.317000000000,0.742600000000,0.553100000000),
double3(0.817000000000,0.242600000000,0.553100000000),
double3(0.817000000000,0.742600000000,0.053100000000),
double3(0.683000000000,0.242600000000,0.946900000000),
double3(0.683000000000,0.742600000000,0.446900000000),
double3(0.183000000000,0.242600000000,0.446900000000),
double3(0.183000000000,0.742600000000,0.946900000000),
double3(0.317000000000,0.757400000000,0.946900000000),
double3(0.317000000000,0.257400000000,0.446900000000),
double3(0.817000000000,0.757400000000,0.446900000000),
double3(0.817000000000,0.257400000000,0.946900000000),
double3(0.757400000000,0.946900000000,0.317000000000),
double3(0.757400000000,0.446900000000,0.817000000000),
double3(0.257400000000,0.946900000000,0.817000000000),
double3(0.257400000000,0.446900000000,0.317000000000),
double3(0.242600000000,0.946900000000,0.683000000000),
double3(0.242600000000,0.446900000000,0.183000000000),
double3(0.742600000000,0.946900000000,0.183000000000),
double3(0.742600000000,0.446900000000,0.683000000000),
double3(0.242600000000,0.053100000000,0.317000000000),
double3(0.242600000000,0.553100000000,0.817000000000),
double3(0.742600000000,0.053100000000,0.817000000000),
double3(0.742600000000,0.553100000000,0.317000000000),
double3(0.757400000000,0.053100000000,0.683000000000),
double3(0.757400000000,0.553100000000,0.183000000000),
double3(0.257400000000,0.053100000000,0.183000000000),
double3(0.257400000000,0.553100000000,0.683000000000),
double3(0.946900000000,0.683000000000,0.242600000000),
double3(0.946900000000,0.183000000000,0.742600000000),
double3(0.446900000000,0.683000000000,0.742600000000),
double3(0.446900000000,0.183000000000,0.242600000000),
double3(0.946900000000,0.317000000000,0.757400000000),
double3(0.946900000000,0.817000000000,0.257400000000),
double3(0.446900000000,0.317000000000,0.257400000000),
double3(0.446900000000,0.817000000000,0.757400000000),
double3(0.053100000000,0.683000000000,0.757400000000),
double3(0.053100000000,0.183000000000,0.257400000000),
double3(0.553100000000,0.683000000000,0.257400000000),
double3(0.553100000000,0.183000000000,0.757400000000),
double3(0.053100000000,0.317000000000,0.242600000000),
double3(0.053100000000,0.817000000000,0.742600000000),
double3(0.553100000000,0.317000000000,0.742600000000),
double3(0.553100000000,0.817000000000,0.242600000000),
double3(0.289760000000,0.289760000000,0.000000000000),
double3(0.350400000000,0.350400000000,0.000000000000),
double3(0.289760000000,0.789760000000,0.500000000000),
double3(0.350400000000,0.850400000000,0.500000000000),
double3(0.789760000000,0.289760000000,0.500000000000),
double3(0.850400000000,0.350400000000,0.500000000000),
double3(0.789760000000,0.789760000000,0.000000000000),
double3(0.850400000000,0.850400000000,0.000000000000),
double3(0.710240000000,0.710240000000,0.000000000000),
double3(0.649600000000,0.649600000000,0.000000000000),
double3(0.710240000000,0.210240000000,0.500000000000),
double3(0.649600000000,0.149600000000,0.500000000000),
double3(0.210240000000,0.710240000000,0.500000000000),
double3(0.149600000000,0.649600000000,0.500000000000),
double3(0.210240000000,0.210240000000,0.000000000000),
double3(0.149600000000,0.149600000000,0.000000000000),
double3(0.710240000000,0.289760000000,0.000000000000),
double3(0.649600000000,0.350400000000,0.000000000000),
double3(0.710240000000,0.789760000000,0.500000000000),
double3(0.649600000000,0.850400000000,0.500000000000),
double3(0.210240000000,0.289760000000,0.500000000000),
double3(0.149600000000,0.350400000000,0.500000000000),
double3(0.210240000000,0.789760000000,0.000000000000),
double3(0.149600000000,0.850400000000,0.000000000000),
double3(0.289760000000,0.710240000000,0.000000000000),
double3(0.350400000000,0.649600000000,0.000000000000),
double3(0.289760000000,0.210240000000,0.500000000000),
double3(0.350400000000,0.149600000000,0.500000000000),
double3(0.789760000000,0.710240000000,0.500000000000),
double3(0.850400000000,0.649600000000,0.500000000000),
double3(0.789760000000,0.210240000000,0.000000000000),
double3(0.850400000000,0.149600000000,0.000000000000),
double3(0.000000000000,0.289760000000,0.289760000000),
double3(0.000000000000,0.350400000000,0.350400000000),
double3(0.000000000000,0.789760000000,0.789760000000),
double3(0.000000000000,0.850400000000,0.850400000000),
double3(0.500000000000,0.289760000000,0.789760000000),
double3(0.500000000000,0.350400000000,0.850400000000),
double3(0.500000000000,0.789760000000,0.289760000000),
double3(0.500000000000,0.850400000000,0.350400000000),
double3(0.000000000000,0.710240000000,0.710240000000),
double3(0.000000000000,0.649600000000,0.649600000000),
double3(0.000000000000,0.210240000000,0.210240000000),
double3(0.000000000000,0.149600000000,0.149600000000),
double3(0.500000000000,0.710240000000,0.210240000000),
double3(0.500000000000,0.649600000000,0.149600000000),
double3(0.500000000000,0.210240000000,0.710240000000),
double3(0.500000000000,0.149600000000,0.649600000000),
double3(0.000000000000,0.710240000000,0.289760000000),
double3(0.000000000000,0.649600000000,0.350400000000),
double3(0.000000000000,0.210240000000,0.789760000000),
double3(0.000000000000,0.149600000000,0.850400000000),
double3(0.500000000000,0.710240000000,0.789760000000),
double3(0.500000000000,0.649600000000,0.850400000000),
double3(0.500000000000,0.210240000000,0.289760000000),
double3(0.500000000000,0.149600000000,0.350400000000),
double3(0.000000000000,0.289760000000,0.710240000000),
double3(0.000000000000,0.350400000000,0.649600000000),
double3(0.000000000000,0.789760000000,0.210240000000),
double3(0.000000000000,0.850400000000,0.149600000000),
double3(0.500000000000,0.289760000000,0.210240000000),
double3(0.500000000000,0.350400000000,0.149600000000),
double3(0.500000000000,0.789760000000,0.710240000000),
double3(0.500000000000,0.850400000000,0.649600000000),
double3(0.289760000000,0.000000000000,0.289760000000),
double3(0.350400000000,0.000000000000,0.350400000000),
double3(0.289760000000,0.500000000000,0.789760000000),
double3(0.350400000000,0.500000000000,0.850400000000),
double3(0.789760000000,0.000000000000,0.789760000000),
double3(0.850400000000,0.000000000000,0.850400000000),
double3(0.789760000000,0.500000000000,0.289760000000),
double3(0.850400000000,0.500000000000,0.350400000000),
double3(0.710240000000,0.000000000000,0.710240000000),
double3(0.649600000000,0.000000000000,0.649600000000),
double3(0.710240000000,0.500000000000,0.210240000000),
double3(0.649600000000,0.500000000000,0.149600000000),
double3(0.210240000000,0.000000000000,0.210240000000),
double3(0.149600000000,0.000000000000,0.149600000000),
double3(0.210240000000,0.500000000000,0.710240000000),
double3(0.149600000000,0.500000000000,0.649600000000),
double3(0.289760000000,0.000000000000,0.710240000000),
double3(0.350400000000,0.000000000000,0.649600000000),
double3(0.289760000000,0.500000000000,0.210240000000),
double3(0.350400000000,0.500000000000,0.149600000000),
double3(0.789760000000,0.000000000000,0.210240000000),
double3(0.850400000000,0.000000000000,0.149600000000),
double3(0.789760000000,0.500000000000,0.710240000000),
double3(0.850400000000,0.500000000000,0.649600000000),
double3(0.710240000000,0.000000000000,0.289760000000),
double3(0.649600000000,0.000000000000,0.350400000000),
double3(0.710240000000,0.500000000000,0.789760000000),
double3(0.649600000000,0.500000000000,0.850400000000),
double3(0.210240000000,0.000000000000,0.789760000000),
double3(0.149600000000,0.000000000000,0.850400000000),
double3(0.210240000000,0.500000000000,0.289760000000),
double3(0.149600000000,0.500000000000,0.350400000000),
double3(0.202400000000,0.297600000000,0.069000000000),
double3(0.177800000000,0.322200000000,0.114300000000),
double3(0.202400000000,0.797600000000,0.569000000000),
double3(0.177800000000,0.822200000000,0.614300000000),
double3(0.797600000000,0.702400000000,0.069000000000),
double3(0.822200000000,0.677800000000,0.114300000000),
double3(0.797600000000,0.202400000000,0.569000000000),
double3(0.822200000000,0.177800000000,0.614300000000),
double3(0.297600000000,0.202400000000,0.069000000000),
double3(0.322200000000,0.177800000000,0.114300000000),
double3(0.797600000000,0.297600000000,0.931000000000),
double3(0.822200000000,0.322200000000,0.885700000000),
double3(0.797600000000,0.797600000000,0.431000000000),
double3(0.822200000000,0.822200000000,0.385700000000),
double3(0.297600000000,0.297600000000,0.431000000000),
double3(0.322200000000,0.322200000000,0.385700000000),
double3(0.202400000000,0.702400000000,0.931000000000),
double3(0.177800000000,0.677800000000,0.885700000000),
double3(0.202400000000,0.202400000000,0.431000000000),
double3(0.177800000000,0.177800000000,0.385700000000),
double3(0.069000000000,0.202400000000,0.297600000000),
double3(0.114300000000,0.177800000000,0.322200000000),
double3(0.569000000000,0.202400000000,0.797600000000),
double3(0.614300000000,0.177800000000,0.822200000000),
double3(0.069000000000,0.797600000000,0.702400000000),
double3(0.114300000000,0.822200000000,0.677800000000),
double3(0.069000000000,0.297600000000,0.202400000000),
double3(0.114300000000,0.322200000000,0.177800000000),
double3(0.569000000000,0.797600000000,0.202400000000),
double3(0.614300000000,0.822200000000,0.177800000000),
double3(0.931000000000,0.797600000000,0.297600000000),
double3(0.885700000000,0.822200000000,0.322200000000),
double3(0.431000000000,0.797600000000,0.797600000000),
double3(0.385700000000,0.822200000000,0.822200000000),
double3(0.431000000000,0.297600000000,0.297600000000),
double3(0.385700000000,0.322200000000,0.322200000000),
double3(0.931000000000,0.202400000000,0.702400000000),
double3(0.885700000000,0.177800000000,0.677800000000),
double3(0.431000000000,0.202400000000,0.202400000000),
double3(0.385700000000,0.177800000000,0.177800000000),
double3(0.297600000000,0.069000000000,0.202400000000),
double3(0.322200000000,0.114300000000,0.177800000000),
double3(0.297600000000,0.569000000000,0.702400000000),
double3(0.322200000000,0.614300000000,0.677800000000),
double3(0.702400000000,0.069000000000,0.797600000000),
double3(0.677800000000,0.114300000000,0.822200000000),
double3(0.702400000000,0.569000000000,0.297600000000),
double3(0.677800000000,0.614300000000,0.322200000000),
double3(0.202400000000,0.069000000000,0.297600000000),
double3(0.177800000000,0.114300000000,0.322200000000),
double3(0.297600000000,0.931000000000,0.797600000000),
double3(0.322200000000,0.885700000000,0.822200000000),
double3(0.297600000000,0.431000000000,0.297600000000),
double3(0.322200000000,0.385700000000,0.322200000000),
double3(0.702400000000,0.931000000000,0.202400000000),
double3(0.677800000000,0.885700000000,0.177800000000),
double3(0.702400000000,0.431000000000,0.702400000000),
double3(0.677800000000,0.385700000000,0.677800000000),
double3(0.202400000000,0.431000000000,0.202400000000),
double3(0.177800000000,0.385700000000,0.177800000000),
double3(0.297600000000,0.202400000000,0.931000000000),
double3(0.322200000000,0.177800000000,0.885700000000),
double3(0.297600000000,0.702400000000,0.431000000000),
double3(0.322200000000,0.677800000000,0.385700000000),
double3(0.702400000000,0.797600000000,0.931000000000),
double3(0.677800000000,0.822200000000,0.885700000000),
double3(0.702400000000,0.297600000000,0.431000000000),
double3(0.677800000000,0.322200000000,0.385700000000),
double3(0.202400000000,0.297600000000,0.931000000000),
double3(0.177800000000,0.322200000000,0.885700000000),
double3(0.297600000000,0.797600000000,0.069000000000),
double3(0.322200000000,0.822200000000,0.114300000000),
double3(0.297600000000,0.297600000000,0.569000000000),
double3(0.322200000000,0.322200000000,0.614300000000),
double3(0.702400000000,0.202400000000,0.069000000000),
double3(0.677800000000,0.177800000000,0.114300000000),
double3(0.702400000000,0.702400000000,0.569000000000),
double3(0.677800000000,0.677800000000,0.614300000000),
double3(0.202400000000,0.202400000000,0.569000000000),
double3(0.177800000000,0.177800000000,0.614300000000),
double3(0.202400000000,0.069000000000,0.702400000000),
double3(0.177800000000,0.114300000000,0.677800000000),
double3(0.202400000000,0.569000000000,0.202400000000),
double3(0.177800000000,0.614300000000,0.177800000000),
double3(0.797600000000,0.069000000000,0.297600000000),
double3(0.822200000000,0.114300000000,0.322200000000),
double3(0.797600000000,0.569000000000,0.797600000000),
double3(0.822200000000,0.614300000000,0.822200000000),
double3(0.297600000000,0.569000000000,0.297600000000),
double3(0.322200000000,0.614300000000,0.322200000000),
double3(0.797600000000,0.931000000000,0.702400000000),
double3(0.822200000000,0.885700000000,0.677800000000),
double3(0.797600000000,0.431000000000,0.202400000000),
double3(0.822200000000,0.385700000000,0.177800000000),
double3(0.297600000000,0.931000000000,0.202400000000),
double3(0.322200000000,0.885700000000,0.177800000000),
double3(0.202400000000,0.931000000000,0.297600000000),
double3(0.177800000000,0.885700000000,0.322200000000),
double3(0.202400000000,0.431000000000,0.797600000000),
double3(0.177800000000,0.385700000000,0.822200000000),
double3(0.069000000000,0.297600000000,0.797600000000),
double3(0.114300000000,0.322200000000,0.822200000000),
double3(0.569000000000,0.297600000000,0.297600000000),
double3(0.614300000000,0.322200000000,0.322200000000),
double3(0.069000000000,0.702400000000,0.202400000000),
double3(0.114300000000,0.677800000000,0.177800000000),
double3(0.569000000000,0.702400000000,0.702400000000),
double3(0.614300000000,0.677800000000,0.677800000000),
double3(0.569000000000,0.202400000000,0.202400000000),
double3(0.614300000000,0.177800000000,0.177800000000),
double3(0.931000000000,0.297600000000,0.202400000000),
double3(0.885700000000,0.322200000000,0.177800000000),
double3(0.431000000000,0.297600000000,0.702400000000),
double3(0.385700000000,0.322200000000,0.677800000000),
double3(0.931000000000,0.702400000000,0.797600000000),
double3(0.885700000000,0.677800000000,0.822200000000),
double3(0.931000000000,0.202400000000,0.297600000000),
double3(0.885700000000,0.177800000000,0.322200000000),
double3(0.431000000000,0.702400000000,0.297600000000),
double3(0.385700000000,0.677800000000,0.322200000000),
double3(0.797600000000,0.702400000000,0.931000000000),
double3(0.822200000000,0.677800000000,0.885700000000),
double3(0.797600000000,0.202400000000,0.431000000000),
double3(0.822200000000,0.177800000000,0.385700000000),
double3(0.202400000000,0.797600000000,0.431000000000),
double3(0.177800000000,0.822200000000,0.385700000000),
double3(0.202400000000,0.702400000000,0.069000000000),
double3(0.177800000000,0.677800000000,0.114300000000),
double3(0.797600000000,0.297600000000,0.069000000000),
double3(0.822200000000,0.322200000000,0.114300000000),
double3(0.797600000000,0.797600000000,0.569000000000),
double3(0.822200000000,0.822200000000,0.614300000000),
double3(0.931000000000,0.797600000000,0.702400000000),
double3(0.885700000000,0.822200000000,0.677800000000),
double3(0.431000000000,0.797600000000,0.202400000000),
double3(0.385700000000,0.822200000000,0.177800000000),
double3(0.431000000000,0.202400000000,0.797600000000),
double3(0.385700000000,0.177800000000,0.822200000000),
double3(0.069000000000,0.202400000000,0.702400000000),
double3(0.114300000000,0.177800000000,0.677800000000),
double3(0.069000000000,0.797600000000,0.297600000000),
double3(0.114300000000,0.822200000000,0.322200000000),
double3(0.569000000000,0.797600000000,0.797600000000),
double3(0.614300000000,0.822200000000,0.822200000000),
double3(0.702400000000,0.931000000000,0.797600000000),
double3(0.677800000000,0.885700000000,0.822200000000),
double3(0.702400000000,0.431000000000,0.297600000000),
double3(0.677800000000,0.385700000000,0.322200000000),
double3(0.297600000000,0.431000000000,0.702400000000),
double3(0.322200000000,0.385700000000,0.677800000000),
double3(0.702400000000,0.069000000000,0.202400000000),
double3(0.677800000000,0.114300000000,0.177800000000),
double3(0.702400000000,0.569000000000,0.702400000000),
double3(0.677800000000,0.614300000000,0.677800000000),
double3(0.297600000000,0.069000000000,0.797600000000),
double3(0.322200000000,0.114300000000,0.822200000000),
double3(0.702400000000,0.797600000000,0.069000000000),
double3(0.677800000000,0.822200000000,0.114300000000),
double3(0.702400000000,0.297600000000,0.569000000000),
double3(0.677800000000,0.322200000000,0.614300000000),
double3(0.297600000000,0.702400000000,0.569000000000),
double3(0.322200000000,0.677800000000,0.614300000000),
double3(0.702400000000,0.202400000000,0.931000000000),
double3(0.677800000000,0.177800000000,0.885700000000),
double3(0.702400000000,0.702400000000,0.431000000000),
double3(0.677800000000,0.677800000000,0.385700000000),
double3(0.297600000000,0.797600000000,0.931000000000),
double3(0.322200000000,0.822200000000,0.885700000000),
double3(0.797600000000,0.931000000000,0.297600000000),
double3(0.822200000000,0.885700000000,0.322200000000),
double3(0.797600000000,0.431000000000,0.797600000000),
double3(0.822200000000,0.385700000000,0.822200000000),
double3(0.202400000000,0.931000000000,0.702400000000),
double3(0.177800000000,0.885700000000,0.677800000000),
double3(0.202400000000,0.569000000000,0.797600000000),
double3(0.177800000000,0.614300000000,0.822200000000),
double3(0.797600000000,0.069000000000,0.702400000000),
double3(0.822200000000,0.114300000000,0.677800000000),
double3(0.797600000000,0.569000000000,0.202400000000),
double3(0.822200000000,0.614300000000,0.177800000000),
double3(0.931000000000,0.702400000000,0.202400000000),
double3(0.885700000000,0.677800000000,0.177800000000),
double3(0.431000000000,0.702400000000,0.702400000000),
double3(0.385700000000,0.677800000000,0.677800000000),
double3(0.931000000000,0.297600000000,0.797600000000),
double3(0.885700000000,0.322200000000,0.822200000000),
double3(0.069000000000,0.702400000000,0.797600000000),
double3(0.114300000000,0.677800000000,0.822200000000),
double3(0.569000000000,0.702400000000,0.297600000000),
double3(0.614300000000,0.677800000000,0.322200000000),
double3(0.569000000000,0.297600000000,0.702400000000),
double3(0.614300000000,0.322200000000,0.677800000000),
double3(0.198400000000,0.365000000000,0.135000000000),
double3(0.226300000000,0.379800000000,0.120200000000),
double3(0.698400000000,0.365000000000,0.635000000000),
double3(0.726300000000,0.379800000000,0.620200000000),
double3(0.801600000000,0.635000000000,0.135000000000),
double3(0.773700000000,0.620200000000,0.120200000000),
double3(0.301600000000,0.635000000000,0.635000000000),
double3(0.273700000000,0.620200000000,0.620200000000),
double3(0.301600000000,0.135000000000,0.135000000000),
double3(0.273700000000,0.120200000000,0.120200000000),
double3(0.801600000000,0.365000000000,0.865000000000),
double3(0.773700000000,0.379800000000,0.879800000000),
double3(0.301600000000,0.365000000000,0.365000000000),
double3(0.273700000000,0.379800000000,0.379800000000),
double3(0.198400000000,0.635000000000,0.865000000000),
double3(0.226300000000,0.620200000000,0.879800000000),
double3(0.198400000000,0.135000000000,0.365000000000),
double3(0.226300000000,0.120200000000,0.379800000000),
double3(0.698400000000,0.635000000000,0.365000000000),
double3(0.726300000000,0.620200000000,0.379800000000),
double3(0.135000000000,0.198400000000,0.365000000000),
double3(0.120200000000,0.226300000000,0.379800000000),
double3(0.135000000000,0.698400000000,0.865000000000),
double3(0.120200000000,0.726300000000,0.879800000000),
double3(0.135000000000,0.801600000000,0.635000000000),
double3(0.120200000000,0.773700000000,0.620200000000),
double3(0.135000000000,0.301600000000,0.135000000000),
double3(0.120200000000,0.273700000000,0.120200000000),
double3(0.865000000000,0.801600000000,0.365000000000),
double3(0.879800000000,0.773700000000,0.379800000000),
double3(0.865000000000,0.301600000000,0.865000000000),
double3(0.879800000000,0.273700000000,0.879800000000),
double3(0.365000000000,0.301600000000,0.365000000000),
double3(0.379800000000,0.273700000000,0.379800000000),
double3(0.865000000000,0.198400000000,0.635000000000),
double3(0.879800000000,0.226300000000,0.620200000000),
double3(0.865000000000,0.698400000000,0.135000000000),
double3(0.879800000000,0.726300000000,0.120200000000),
double3(0.365000000000,0.198400000000,0.135000000000),
double3(0.379800000000,0.226300000000,0.120200000000),
double3(0.365000000000,0.135000000000,0.198400000000),
double3(0.379800000000,0.120200000000,0.226300000000),
double3(0.365000000000,0.635000000000,0.698400000000),
double3(0.379800000000,0.620200000000,0.726300000000),
double3(0.635000000000,0.135000000000,0.801600000000),
double3(0.620200000000,0.120200000000,0.773700000000),
double3(0.635000000000,0.635000000000,0.301600000000),
double3(0.620200000000,0.620200000000,0.273700000000),
double3(0.135000000000,0.135000000000,0.301600000000),
double3(0.120200000000,0.120200000000,0.273700000000),
double3(0.365000000000,0.865000000000,0.801600000000),
double3(0.379800000000,0.879800000000,0.773700000000),
double3(0.365000000000,0.365000000000,0.301600000000),
double3(0.379800000000,0.379800000000,0.273700000000),
double3(0.635000000000,0.865000000000,0.198400000000),
double3(0.620200000000,0.879800000000,0.226300000000),
double3(0.635000000000,0.365000000000,0.698400000000),
double3(0.620200000000,0.379800000000,0.726300000000),
double3(0.135000000000,0.365000000000,0.198400000000),
double3(0.120200000000,0.379800000000,0.226300000000),
double3(0.365000000000,0.198400000000,0.865000000000),
double3(0.379800000000,0.226300000000,0.879800000000),
double3(0.365000000000,0.698400000000,0.365000000000),
double3(0.379800000000,0.726300000000,0.379800000000),
double3(0.635000000000,0.801600000000,0.865000000000),
double3(0.620200000000,0.773700000000,0.879800000000),
double3(0.635000000000,0.301600000000,0.365000000000),
double3(0.620200000000,0.273700000000,0.379800000000),
double3(0.135000000000,0.801600000000,0.365000000000),
double3(0.120200000000,0.773700000000,0.379800000000),
double3(0.365000000000,0.801600000000,0.135000000000),
double3(0.379800000000,0.773700000000,0.120200000000),
double3(0.365000000000,0.301600000000,0.635000000000),
double3(0.379800000000,0.273700000000,0.620200000000),
double3(0.635000000000,0.198400000000,0.135000000000),
double3(0.620200000000,0.226300000000,0.120200000000),
double3(0.635000000000,0.698400000000,0.635000000000),
double3(0.620200000000,0.726300000000,0.620200000000),
double3(0.135000000000,0.698400000000,0.135000000000),
double3(0.120200000000,0.726300000000,0.120200000000),
double3(0.198400000000,0.135000000000,0.635000000000),
double3(0.226300000000,0.120200000000,0.620200000000),
double3(0.698400000000,0.135000000000,0.135000000000),
double3(0.726300000000,0.120200000000,0.120200000000),
double3(0.801600000000,0.135000000000,0.365000000000),
double3(0.773700000000,0.120200000000,0.379800000000),
double3(0.301600000000,0.135000000000,0.865000000000),
double3(0.273700000000,0.120200000000,0.879800000000),
double3(0.801600000000,0.865000000000,0.635000000000),
double3(0.773700000000,0.879800000000,0.620200000000),
double3(0.801600000000,0.365000000000,0.135000000000),
double3(0.773700000000,0.379800000000,0.120200000000),
double3(0.301600000000,0.865000000000,0.135000000000),
double3(0.273700000000,0.879800000000,0.120200000000),
double3(0.198400000000,0.865000000000,0.365000000000),
double3(0.226300000000,0.879800000000,0.379800000000),
double3(0.698400000000,0.865000000000,0.865000000000),
double3(0.726300000000,0.879800000000,0.879800000000),
double3(0.698400000000,0.365000000000,0.365000000000),
double3(0.726300000000,0.379800000000,0.379800000000),
double3(0.135000000000,0.365000000000,0.801600000000),
double3(0.120200000000,0.379800000000,0.773700000000),
double3(0.135000000000,0.865000000000,0.301600000000),
double3(0.120200000000,0.879800000000,0.273700000000),
double3(0.135000000000,0.635000000000,0.198400000000),
double3(0.120200000000,0.620200000000,0.226300000000),
double3(0.135000000000,0.135000000000,0.698400000000),
double3(0.120200000000,0.120200000000,0.726300000000),
double3(0.865000000000,0.365000000000,0.198400000000),
double3(0.879800000000,0.379800000000,0.226300000000),
double3(0.865000000000,0.865000000000,0.698400000000),
double3(0.879800000000,0.879800000000,0.726300000000),
double3(0.365000000000,0.365000000000,0.698400000000),
double3(0.379800000000,0.379800000000,0.726300000000),
double3(0.865000000000,0.635000000000,0.801600000000),
double3(0.879800000000,0.620200000000,0.773700000000),
double3(0.865000000000,0.135000000000,0.301600000000),
double3(0.879800000000,0.120200000000,0.273700000000),
double3(0.365000000000,0.135000000000,0.801600000000),
double3(0.379800000000,0.120200000000,0.773700000000),
double3(0.801600000000,0.635000000000,0.865000000000),
double3(0.773700000000,0.620200000000,0.879800000000),
double3(0.301600000000,0.635000000000,0.365000000000),
double3(0.273700000000,0.620200000000,0.379800000000),
double3(0.198400000000,0.365000000000,0.865000000000),
double3(0.226300000000,0.379800000000,0.879800000000),
double3(0.198400000000,0.635000000000,0.135000000000),
double3(0.226300000000,0.620200000000,0.120200000000),
double3(0.698400000000,0.635000000000,0.635000000000),
double3(0.726300000000,0.620200000000,0.620200000000),
double3(0.301600000000,0.365000000000,0.635000000000),
double3(0.273700000000,0.379800000000,0.620200000000),
double3(0.865000000000,0.801600000000,0.635000000000),
double3(0.879800000000,0.773700000000,0.620200000000),
double3(0.865000000000,0.301600000000,0.135000000000),
double3(0.879800000000,0.273700000000,0.120200000000),
double3(0.865000000000,0.198400000000,0.365000000000),
double3(0.879800000000,0.226300000000,0.379800000000),
double3(0.865000000000,0.698400000000,0.865000000000),
double3(0.879800000000,0.726300000000,0.879800000000),
double3(0.135000000000,0.198400000000,0.635000000000),
double3(0.120200000000,0.226300000000,0.620200000000),
double3(0.135000000000,0.301600000000,0.865000000000),
double3(0.120200000000,0.273700000000,0.879800000000),
double3(0.635000000000,0.865000000000,0.801600000000),
double3(0.620200000000,0.879800000000,0.773700000000),
double3(0.635000000000,0.365000000000,0.301600000000),
double3(0.620200000000,0.379800000000,0.273700000000),
double3(0.365000000000,0.865000000000,0.198400000000),
double3(0.379800000000,0.879800000000,0.226300000000),
double3(0.635000000000,0.135000000000,0.198400000000),
double3(0.620200000000,0.120200000000,0.226300000000),
double3(0.635000000000,0.635000000000,0.698400000000),
double3(0.620200000000,0.620200000000,0.726300000000),
double3(0.365000000000,0.635000000000,0.301600000000),
double3(0.379800000000,0.620200000000,0.273700000000),
double3(0.635000000000,0.801600000000,0.135000000000),
double3(0.620200000000,0.773700000000,0.120200000000),
double3(0.635000000000,0.301600000000,0.635000000000),
double3(0.620200000000,0.273700000000,0.620200000000),
double3(0.365000000000,0.698400000000,0.635000000000),
double3(0.379800000000,0.726300000000,0.620200000000),
double3(0.635000000000,0.198400000000,0.865000000000),
double3(0.620200000000,0.226300000000,0.879800000000),
double3(0.635000000000,0.698400000000,0.365000000000),
double3(0.620200000000,0.726300000000,0.379800000000),
double3(0.365000000000,0.801600000000,0.865000000000),
double3(0.379800000000,0.773700000000,0.879800000000),
double3(0.801600000000,0.865000000000,0.365000000000),
double3(0.773700000000,0.879800000000,0.379800000000),
double3(0.301600000000,0.865000000000,0.865000000000),
double3(0.273700000000,0.879800000000,0.879800000000),
double3(0.198400000000,0.865000000000,0.635000000000),
double3(0.226300000000,0.879800000000,0.620200000000),
double3(0.698400000000,0.865000000000,0.135000000000),
double3(0.726300000000,0.879800000000,0.120200000000),
double3(0.698400000000,0.135000000000,0.865000000000),
double3(0.726300000000,0.120200000000,0.879800000000),
double3(0.801600000000,0.135000000000,0.635000000000),
double3(0.773700000000,0.120200000000,0.620200000000),
double3(0.865000000000,0.635000000000,0.198400000000),
double3(0.879800000000,0.620200000000,0.226300000000),
double3(0.865000000000,0.135000000000,0.698400000000),
double3(0.879800000000,0.120200000000,0.726300000000),
double3(0.865000000000,0.365000000000,0.801600000000),
double3(0.879800000000,0.379800000000,0.773700000000),
double3(0.865000000000,0.865000000000,0.301600000000),
double3(0.879800000000,0.879800000000,0.273700000000),
double3(0.135000000000,0.635000000000,0.801600000000),
double3(0.120200000000,0.620200000000,0.773700000000),
double3(0.135000000000,0.865000000000,0.698400000000),
double3(0.120200000000,0.879800000000,0.726300000000),
