[double3(26.771000000000,0.000000000000,0.000000000000),double3(0.000000000000,26.771000000000,0.000000000000),double3(0.000000000000,0.000000000000,26.771000000000)]

double3(0.258700000000,0.183200000000,0.945400000000),
double3(0.258700000000,0.683200000000,0.445400000000),
double3(0.758700000000,0.183200000000,0.445400000000),
double3(0.758700000000,0.683200000000,0.945400000000),
double3(0.741300000000,0.816800000000,0.945400000000),
double3(0.741300000000,0.316800000000,0.445400000000),
double3(0.241300000000,0.816800000000,0.445400000000),
double3(0.241300000000,0.316800000000,0.945400000000),
double3(0.741300000000,0.183200000000,0.054600000000),
double3(0.741300000000,0.683200000000,0.554600000000),
double3(0.241300000000,0.183200000000,0.554600000000),
double3(0.241300000000,0.683200000000,0.054600000000),
double3(0.258700000000,0.816800000000,0.054600000000),
double3(0.258700000000,0.316800000000,0.554600000000),
double3(0.758700000000,0.816800000000,0.554600000000),
double3(0.758700000000,0.316800000000,0.054600000000),
double3(0.945400000000,0.258700000000,0.183200000000),
double3(0.945400000000,0.758700000000,0.683200000000),
double3(0.445400000000,0.258700000000,0.683200000000),
double3(0.445400000000,0.758700000000,0.183200000000),
double3(0.945400000000,0.741300000000,0.816800000000),
double3(0.945400000000,0.241300000000,0.316800000000),
double3(0.445400000000,0.741300000000,0.316800000000),
double3(0.445400000000,0.241300000000,0.816800000000),
double3(0.054600000000,0.741300000000,0.183200000000),
double3(0.054600000000,0.241300000000,0.683200000000),
double3(0.554600000000,0.741300000000,0.683200000000),
double3(0.554600000000,0.241300000000,0.183200000000),
double3(0.054600000000,0.258700000000,0.816800000000),
double3(0.054600000000,0.758700000000,0.316800000000),
double3(0.554600000000,0.258700000000,0.316800000000),
double3(0.554600000000,0.758700000000,0.816800000000),
double3(0.183200000000,0.945400000000,0.258700000000),
double3(0.183200000000,0.445400000000,0.758700000000),
double3(0.683200000000,0.945400000000,0.758700000000),
double3(0.683200000000,0.445400000000,0.258700000000),
double3(0.816800000000,0.945400000000,0.741300000000),
double3(0.816800000000,0.445400000000,0.241300000000),
double3(0.316800000000,0.945400000000,0.241300000000),
double3(0.316800000000,0.445400000000,0.741300000000),
double3(0.183200000000,0.054600000000,0.741300000000),
double3(0.183200000000,0.554600000000,0.241300000000),
double3(0.683200000000,0.054600000000,0.241300000000),
double3(0.683200000000,0.554600000000,0.741300000000),
double3(0.816800000000,0.054600000000,0.258700000000),
double3(0.816800000000,0.554600000000,0.758700000000),
double3(0.316800000000,0.054600000000,0.758700000000),
double3(0.316800000000,0.554600000000,0.258700000000),
double3(0.183200000000,0.258700000000,0.054600000000),
double3(0.183200000000,0.758700000000,0.554600000000),
double3(0.683200000000,0.258700000000,0.554600000000),
double3(0.683200000000,0.758700000000,0.054600000000),
double3(0.816800000000,0.741300000000,0.054600000000),
double3(0.816800000000,0.241300000000,0.554600000000),
double3(0.316800000000,0.741300000000,0.554600000000),
double3(0.316800000000,0.241300000000,0.054600000000),
double3(0.183200000000,0.741300000000,0.945400000000),
double3(0.183200000000,0.241300000000,0.445400000000),
double3(0.683200000000,0.741300000000,0.445400000000),
double3(0.683200000000,0.241300000000,0.945400000000),
double3(0.816800000000,0.258700000000,0.945400000000),
double3(0.816800000000,0.758700000000,0.445400000000),
double3(0.316800000000,0.258700000000,0.445400000000),
double3(0.316800000000,0.758700000000,0.945400000000),
double3(0.258700000000,0.945400000000,0.816800000000),
double3(0.258700000000,0.445400000000,0.316800000000),
double3(0.758700000000,0.945400000000,0.316800000000),
double3(0.758700000000,0.445400000000,0.816800000000),
double3(0.741300000000,0.945400000000,0.183200000000),
double3(0.741300000000,0.445400000000,0.683200000000),
double3(0.241300000000,0.945400000000,0.683200000000),
double3(0.241300000000,0.445400000000,0.183200000000),
double3(0.741300000000,0.054600000000,0.816800000000),
double3(0.741300000000,0.554600000000,0.316800000000),
double3(0.241300000000,0.054600000000,0.316800000000),
double3(0.241300000000,0.554600000000,0.816800000000),
double3(0.258700000000,0.054600000000,0.183200000000),
double3(0.258700000000,0.554600000000,0.683200000000),
double3(0.758700000000,0.054600000000,0.683200000000),
double3(0.758700000000,0.554600000000,0.183200000000),
double3(0.945400000000,0.183200000000,0.741300000000),
double3(0.945400000000,0.683200000000,0.241300000000),
double3(0.445400000000,0.183200000000,0.241300000000),
double3(0.445400000000,0.683200000000,0.741300000000),
double3(0.945400000000,0.816800000000,0.258700000000),
double3(0.945400000000,0.316800000000,0.758700000000),
double3(0.445400000000,0.816800000000,0.758700000000),
double3(0.445400000000,0.316800000000,0.258700000000),
double3(0.054600000000,0.183200000000,0.258700000000),
double3(0.054600000000,0.683200000000,0.758700000000),
double3(0.554600000000,0.183200000000,0.758700000000),
double3(0.554600000000,0.683200000000,0.258700000000),
double3(0.054600000000,0.816800000000,0.741300000000),
double3(0.054600000000,0.316800000000,0.241300000000),
double3(0.554600000000,0.816800000000,0.241300000000),
double3(0.554600000000,0.316800000000,0.741300000000),
double3(0.741300000000,0.816800000000,0.054600000000),
double3(0.741300000000,0.316800000000,0.554600000000),
double3(0.241300000000,0.816800000000,0.554600000000),
double3(0.241300000000,0.316800000000,0.054600000000),
double3(0.258700000000,0.183200000000,0.054600000000),
double3(0.258700000000,0.683200000000,0.554600000000),
double3(0.758700000000,0.183200000000,0.554600000000),
double3(0.758700000000,0.683200000000,0.054600000000),
double3(0.258700000000,0.816800000000,0.945400000000),
double3(0.258700000000,0.316800000000,0.445400000000),
double3(0.758700000000,0.816800000000,0.445400000000),
double3(0.758700000000,0.316800000000,0.945400000000),
double3(0.741300000000,0.183200000000,0.945400000000),
double3(0.741300000000,0.683200000000,0.445400000000),
double3(0.241300000000,0.183200000000,0.445400000000),
double3(0.241300000000,0.683200000000,0.945400000000),
double3(0.054600000000,0.741300000000,0.816800000000),
double3(0.054600000000,0.241300000000,0.316800000000),
double3(0.554600000000,0.741300000000,0.316800000000),
double3(0.554600000000,0.241300000000,0.816800000000),
double3(0.054600000000,0.258700000000,0.183200000000),
double3(0.054600000000,0.758700000000,0.683200000000),
double3(0.554600000000,0.258700000000,0.683200000000),
double3(0.554600000000,0.758700000000,0.183200000000),
double3(0.945400000000,0.258700000000,0.816800000000),
double3(0.945400000000,0.758700000000,0.316800000000),
double3(0.445400000000,0.258700000000,0.316800000000),
double3(0.445400000000,0.758700000000,0.816800000000),
double3(0.945400000000,0.741300000000,0.183200000000),
double3(0.945400000000,0.241300000000,0.683200000000),
double3(0.445400000000,0.741300000000,0.683200000000),
double3(0.445400000000,0.241300000000,0.183200000000),
double3(0.816800000000,0.054600000000,0.741300000000),
double3(0.816800000000,0.554600000000,0.241300000000),
double3(0.316800000000,0.054600000000,0.241300000000),
double3(0.316800000000,0.554600000000,0.741300000000),
double3(0.183200000000,0.054600000000,0.258700000000),
double3(0.183200000000,0.554600000000,0.758700000000),
double3(0.683200000000,0.054600000000,0.758700000000),
double3(0.683200000000,0.554600000000,0.258700000000),
double3(0.816800000000,0.945400000000,0.258700000000),
double3(0.816800000000,0.445400000000,0.758700000000),
double3(0.316800000000,0.945400000000,0.758700000000),
double3(0.316800000000,0.445400000000,0.258700000000),
double3(0.183200000000,0.945400000000,0.741300000000),
double3(0.183200000000,0.445400000000,0.241300000000),
double3(0.683200000000,0.945400000000,0.241300000000),
double3(0.683200000000,0.445400000000,0.741300000000),
double3(0.816800000000,0.741300000000,0.945400000000),
double3(0.816800000000,0.241300000000,0.445400000000),
double3(0.316800000000,0.741300000000,0.445400000000),
double3(0.316800000000,0.241300000000,0.945400000000),
double3(0.183200000000,0.258700000000,0.945400000000),
double3(0.183200000000,0.758700000000,0.445400000000),
double3(0.683200000000,0.258700000000,0.445400000000),
double3(0.683200000000,0.758700000000,0.945400000000),
double3(0.816800000000,0.258700000000,0.054600000000),
double3(0.816800000000,0.758700000000,0.554600000000),
double3(0.316800000000,0.258700000000,0.554600000000),
double3(0.316800000000,0.758700000000,0.054600000000),
double3(0.183200000000,0.741300000000,0.054600000000),
double3(0.183200000000,0.241300000000,0.554600000000),
double3(0.683200000000,0.741300000000,0.554600000000),
double3(0.683200000000,0.241300000000,0.054600000000),
double3(0.741300000000,0.054600000000,0.183200000000),
double3(0.741300000000,0.554600000000,0.683200000000),
double3(0.241300000000,0.054600000000,0.683200000000),
double3(0.241300000000,0.554600000000,0.183200000000),
double3(0.258700000000,0.054600000000,0.816800000000),
double3(0.258700000000,0.554600000000,0.316800000000),
double3(0.758700000000,0.054600000000,0.316800000000),
double3(0.758700000000,0.554600000000,0.816800000000),
double3(0.258700000000,0.945400000000,0.183200000000),
double3(0.258700000000,0.445400000000,0.683200000000),
double3(0.758700000000,0.945400000000,0.683200000000),
double3(0.758700000000,0.445400000000,0.183200000000),
double3(0.741300000000,0.945400000000,0.816800000000),
double3(0.741300000000,0.445400000000,0.316800000000),
double3(0.241300000000,0.945400000000,0.316800000000),
double3(0.241300000000,0.445400000000,0.816800000000),
double3(0.054600000000,0.816800000000,0.258700000000),
double3(0.054600000000,0.316800000000,0.758700000000),
double3(0.554600000000,0.816800000000,0.758700000000),
double3(0.554600000000,0.316800000000,0.258700000000),
double3(0.054600000000,0.183200000000,0.741300000000),
double3(0.054600000000,0.683200000000,0.241300000000),
double3(0.554600000000,0.183200000000,0.241300000000),
double3(0.554600000000,0.683200000000,0.741300000000),
double3(0.945400000000,0.816800000000,0.741300000000),
double3(0.945400000000,0.316800000000,0.241300000000),
double3(0.445400000000,0.816800000000,0.241300000000),
double3(0.445400000000,0.316800000000,0.741300000000),
double3(0.945400000000,0.183200000000,0.258700000000),
double3(0.945400000000,0.683200000000,0.758700000000),
double3(0.445400000000,0.183200000000,0.758700000000),
double3(0.445400000000,0.683200000000,0.258700000000),
double3(0.207770000000,0.207770000000,0.000000000000),
double3(0.145390000000,0.145390000000,0.000000000000),
double3(0.207770000000,0.707770000000,0.500000000000),
double3(0.145390000000,0.645390000000,0.500000000000),
double3(0.707770000000,0.207770000000,0.500000000000),
double3(0.645390000000,0.145390000000,0.500000000000),
double3(0.707770000000,0.707770000000,0.000000000000),
double3(0.645390000000,0.645390000000,0.000000000000),
double3(0.792230000000,0.792230000000,0.000000000000),
double3(0.854610000000,0.854610000000,0.000000000000),
double3(0.792230000000,0.292230000000,0.500000000000),
double3(0.854610000000,0.354610000000,0.500000000000),
double3(0.292230000000,0.792230000000,0.500000000000),
double3(0.354610000000,0.854610000000,0.500000000000),
double3(0.292230000000,0.292230000000,0.000000000000),
double3(0.354610000000,0.354610000000,0.000000000000),
double3(0.792230000000,0.207770000000,0.000000000000),
double3(0.854610000000,0.145390000000,0.000000000000),
double3(0.792230000000,0.707770000000,0.500000000000),
double3(0.854610000000,0.645390000000,0.500000000000),
double3(0.292230000000,0.207770000000,0.500000000000),
double3(0.354610000000,0.145390000000,0.500000000000),
double3(0.292230000000,0.707770000000,0.000000000000),
double3(0.354610000000,0.645390000000,0.000000000000),
double3(0.207770000000,0.792230000000,0.000000000000),
double3(0.145390000000,0.854610000000,0.000000000000),
double3(0.207770000000,0.292230000000,0.500000000000),
double3(0.145390000000,0.354610000000,0.500000000000),
double3(0.707770000000,0.792230000000,0.500000000000),
double3(0.645390000000,0.854610000000,0.500000000000),
double3(0.707770000000,0.292230000000,0.000000000000),
double3(0.645390000000,0.354610000000,0.000000000000),
double3(0.000000000000,0.207770000000,0.207770000000),
double3(0.000000000000,0.145390000000,0.145390000000),
double3(0.000000000000,0.707770000000,0.707770000000),
double3(0.000000000000,0.645390000000,0.645390000000),
double3(0.500000000000,0.207770000000,0.707770000000),
double3(0.500000000000,0.145390000000,0.645390000000),
double3(0.500000000000,0.707770000000,0.207770000000),
double3(0.500000000000,0.645390000000,0.145390000000),
double3(0.000000000000,0.792230000000,0.792230000000),
double3(0.000000000000,0.854610000000,0.854610000000),
double3(0.000000000000,0.292230000000,0.292230000000),
double3(0.000000000000,0.354610000000,0.354610000000),
double3(0.500000000000,0.792230000000,0.292230000000),
double3(0.500000000000,0.854610000000,0.354610000000),
double3(0.500000000000,0.292230000000,0.792230000000),
double3(0.500000000000,0.354610000000,0.854610000000),
double3(0.000000000000,0.792230000000,0.207770000000),
double3(0.000000000000,0.854610000000,0.145390000000),
double3(0.000000000000,0.292230000000,0.707770000000),
double3(0.000000000000,0.354610000000,0.645390000000),
double3(0.500000000000,0.792230000000,0.707770000000),
double3(0.500000000000,0.854610000000,0.645390000000),
double3(0.500000000000,0.292230000000,0.207770000000),
double3(0.500000000000,0.354610000000,0.145390000000),
double3(0.000000000000,0.207770000000,0.792230000000),
double3(0.000000000000,0.145390000000,0.854610000000),
double3(0.000000000000,0.707770000000,0.292230000000),
double3(0.000000000000,0.645390000000,0.354610000000),
double3(0.500000000000,0.207770000000,0.292230000000),
double3(0.500000000000,0.145390000000,0.354610000000),
double3(0.500000000000,0.707770000000,0.792230000000),
double3(0.500000000000,0.645390000000,0.854610000000),
double3(0.207770000000,0.000000000000,0.207770000000),
double3(0.145390000000,0.000000000000,0.145390000000),
double3(0.207770000000,0.500000000000,0.707770000000),
double3(0.145390000000,0.500000000000,0.645390000000),
double3(0.707770000000,0.000000000000,0.707770000000),
double3(0.645390000000,0.000000000000,0.645390000000),
double3(0.707770000000,0.500000000000,0.207770000000),
double3(0.645390000000,0.500000000000,0.145390000000),
double3(0.792230000000,0.000000000000,0.792230000000),
double3(0.854610000000,0.000000000000,0.854610000000),
double3(0.792230000000,0.500000000000,0.292230000000),
double3(0.854610000000,0.500000000000,0.354610000000),
double3(0.292230000000,0.000000000000,0.292230000000),
double3(0.354610000000,0.000000000000,0.354610000000),
double3(0.292230000000,0.500000000000,0.792230000000),
double3(0.354610000000,0.500000000000,0.854610000000),
double3(0.207770000000,0.000000000000,0.792230000000),
double3(0.145390000000,0.000000000000,0.854610000000),
double3(0.207770000000,0.500000000000,0.292230000000),
double3(0.145390000000,0.500000000000,0.354610000000),
double3(0.707770000000,0.000000000000,0.292230000000),
double3(0.645390000000,0.000000000000,0.354610000000),
double3(0.707770000000,0.500000000000,0.792230000000),
double3(0.645390000000,0.500000000000,0.854610000000),
double3(0.792230000000,0.000000000000,0.207770000000),
double3(0.854610000000,0.000000000000,0.145390000000),
double3(0.792230000000,0.500000000000,0.707770000000),
double3(0.854610000000,0.500000000000,0.645390000000),
double3(0.292230000000,0.000000000000,0.707770000000),
double3(0.354610000000,0.000000000000,0.645390000000),
double3(0.292230000000,0.500000000000,0.207770000000),
double3(0.354610000000,0.500000000000,0.145390000000),
double3(0.322100000000,0.177900000000,0.885000000000),
double3(0.297500000000,0.202500000000,0.929800000000),
double3(0.322100000000,0.677900000000,0.385000000000),
double3(0.297500000000,0.702500000000,0.429800000000),
double3(0.677900000000,0.822100000000,0.885000000000),
double3(0.702500000000,0.797500000000,0.929800000000),
double3(0.677900000000,0.322100000000,0.385000000000),
double3(0.702500000000,0.297500000000,0.429800000000),
double3(0.177900000000,0.322100000000,0.885000000000),
double3(0.202500000000,0.297500000000,0.929800000000),
double3(0.677900000000,0.177900000000,0.115000000000),
double3(0.702500000000,0.202500000000,0.070200000000),
double3(0.677900000000,0.677900000000,0.615000000000),
double3(0.702500000000,0.702500000000,0.570200000000),
double3(0.177900000000,0.177900000000,0.615000000000),
double3(0.202500000000,0.202500000000,0.570200000000),
double3(0.322100000000,0.822100000000,0.115000000000),
double3(0.297500000000,0.797500000000,0.070200000000),
double3(0.322100000000,0.322100000000,0.615000000000),
double3(0.297500000000,0.297500000000,0.570200000000),
double3(0.885000000000,0.322100000000,0.177900000000),
double3(0.929800000000,0.297500000000,0.202500000000),
double3(0.385000000000,0.322100000000,0.677900000000),
double3(0.429800000000,0.297500000000,0.702500000000),
double3(0.885000000000,0.677900000000,0.822100000000),
double3(0.929800000000,0.702500000000,0.797500000000),
double3(0.885000000000,0.177900000000,0.322100000000),
double3(0.929800000000,0.202500000000,0.297500000000),
double3(0.385000000000,0.677900000000,0.322100000000),
double3(0.429800000000,0.702500000000,0.297500000000),
double3(0.115000000000,0.677900000000,0.177900000000),
double3(0.070200000000,0.702500000000,0.202500000000),
double3(0.615000000000,0.677900000000,0.677900000000),
double3(0.570200000000,0.702500000000,0.702500000000),
double3(0.615000000000,0.177900000000,0.177900000000),
double3(0.570200000000,0.202500000000,0.202500000000),
double3(0.115000000000,0.322100000000,0.822100000000),
double3(0.070200000000,0.297500000000,0.797500000000),
double3(0.615000000000,0.322100000000,0.322100000000),
double3(0.570200000000,0.297500000000,0.297500000000),
double3(0.177900000000,0.885000000000,0.322100000000),
double3(0.202500000000,0.929800000000,0.297500000000),
double3(0.177900000000,0.385000000000,0.822100000000),
double3(0.202500000000,0.429800000000,0.797500000000),
double3(0.822100000000,0.885000000000,0.677900000000),
double3(0.797500000000,0.929800000000,0.702500000000),
double3(0.822100000000,0.385000000000,0.177900000000),
double3(0.797500000000,0.429800000000,0.202500000000),
double3(0.322100000000,0.885000000000,0.177900000000),
double3(0.297500000000,0.929800000000,0.202500000000),
double3(0.177900000000,0.115000000000,0.677900000000),
double3(0.202500000000,0.070200000000,0.702500000000),
double3(0.177900000000,0.615000000000,0.177900000000),
double3(0.202500000000,0.570200000000,0.202500000000),
double3(0.822100000000,0.115000000000,0.322100000000),
double3(0.797500000000,0.070200000000,0.297500000000),
double3(0.822100000000,0.615000000000,0.822100000000),
double3(0.797500000000,0.570200000000,0.797500000000),
double3(0.322100000000,0.615000000000,0.322100000000),
double3(0.297500000000,0.570200000000,0.297500000000),
double3(0.177900000000,0.322100000000,0.115000000000),
double3(0.202500000000,0.297500000000,0.070200000000),
double3(0.177900000000,0.822100000000,0.615000000000),
double3(0.202500000000,0.797500000000,0.570200000000),
double3(0.822100000000,0.677900000000,0.115000000000),
double3(0.797500000000,0.702500000000,0.070200000000),
double3(0.822100000000,0.177900000000,0.615000000000),
double3(0.797500000000,0.202500000000,0.570200000000),
double3(0.322100000000,0.177900000000,0.115000000000),
double3(0.297500000000,0.202500000000,0.070200000000),
double3(0.177900000000,0.677900000000,0.885000000000),
double3(0.202500000000,0.702500000000,0.929800000000),
double3(0.177900000000,0.177900000000,0.385000000000),
double3(0.202500000000,0.202500000000,0.429800000000),
double3(0.822100000000,0.322100000000,0.885000000000),
double3(0.797500000000,0.297500000000,0.929800000000),
double3(0.822100000000,0.822100000000,0.385000000000),
double3(0.797500000000,0.797500000000,0.429800000000),
double3(0.322100000000,0.322100000000,0.385000000000),
double3(0.297500000000,0.297500000000,0.429800000000),
double3(0.322100000000,0.885000000000,0.822100000000),
double3(0.297500000000,0.929800000000,0.797500000000),
double3(0.322100000000,0.385000000000,0.322100000000),
double3(0.297500000000,0.429800000000,0.297500000000),
double3(0.677900000000,0.885000000000,0.177900000000),
double3(0.702500000000,0.929800000000,0.202500000000),
double3(0.677900000000,0.385000000000,0.677900000000),
double3(0.702500000000,0.429800000000,0.702500000000),
double3(0.177900000000,0.385000000000,0.177900000000),
double3(0.202500000000,0.429800000000,0.202500000000),
double3(0.677900000000,0.115000000000,0.822100000000),
double3(0.702500000000,0.070200000000,0.797500000000),
double3(0.677900000000,0.615000000000,0.322100000000),
double3(0.702500000000,0.570200000000,0.297500000000),
double3(0.177900000000,0.115000000000,0.322100000000),
double3(0.202500000000,0.070200000000,0.297500000000),
double3(0.322100000000,0.115000000000,0.177900000000),
double3(0.297500000000,0.070200000000,0.202500000000),
double3(0.322100000000,0.615000000000,0.677900000000),
double3(0.297500000000,0.570200000000,0.702500000000),
double3(0.885000000000,0.177900000000,0.677900000000),
double3(0.929800000000,0.202500000000,0.702500000000),
double3(0.385000000000,0.177900000000,0.177900000000),
double3(0.429800000000,0.202500000000,0.202500000000),
double3(0.885000000000,0.822100000000,0.322100000000),
double3(0.929800000000,0.797500000000,0.297500000000),
double3(0.385000000000,0.822100000000,0.822100000000),
double3(0.429800000000,0.797500000000,0.797500000000),
double3(0.385000000000,0.322100000000,0.322100000000),
double3(0.429800000000,0.297500000000,0.297500000000),
double3(0.115000000000,0.177900000000,0.322100000000),
double3(0.070200000000,0.202500000000,0.297500000000),
double3(0.615000000000,0.177900000000,0.822100000000),
double3(0.570200000000,0.202500000000,0.797500000000),
double3(0.115000000000,0.822100000000,0.677900000000),
double3(0.070200000000,0.797500000000,0.702500000000),
double3(0.115000000000,0.322100000000,0.177900000000),
double3(0.070200000000,0.297500000000,0.202500000000),
double3(0.615000000000,0.822100000000,0.177900000000),
double3(0.570200000000,0.797500000000,0.202500000000),
double3(0.677900000000,0.822100000000,0.115000000000),
double3(0.702500000000,0.797500000000,0.070200000000),
double3(0.677900000000,0.322100000000,0.615000000000),
double3(0.702500000000,0.297500000000,0.570200000000),
double3(0.322100000000,0.677900000000,0.615000000000),
double3(0.297500000000,0.702500000000,0.570200000000),
double3(0.322100000000,0.822100000000,0.885000000000),
double3(0.297500000000,0.797500000000,0.929800000000),
double3(0.677900000000,0.177900000000,0.885000000000),
double3(0.702500000000,0.202500000000,0.929800000000),
double3(0.677900000000,0.677900000000,0.385000000000),
double3(0.702500000000,0.702500000000,0.429800000000),
double3(0.115000000000,0.677900000000,0.822100000000),
double3(0.070200000000,0.702500000000,0.797500000000),
double3(0.615000000000,0.677900000000,0.322100000000),
double3(0.570200000000,0.702500000000,0.297500000000),
double3(0.615000000000,0.322100000000,0.677900000000),
double3(0.570200000000,0.297500000000,0.702500000000),
double3(0.885000000000,0.322100000000,0.822100000000),
double3(0.929800000000,0.297500000000,0.797500000000),
double3(0.885000000000,0.677900000000,0.177900000000),
double3(0.929800000000,0.702500000000,0.202500000000),
double3(0.385000000000,0.677900000000,0.677900000000),
double3(0.429800000000,0.702500000000,0.702500000000),
double3(0.822100000000,0.115000000000,0.677900000000),
double3(0.797500000000,0.070200000000,0.702500000000),
double3(0.822100000000,0.615000000000,0.177900000000),
double3(0.797500000000,0.570200000000,0.202500000000),
double3(0.177900000000,0.615000000000,0.822100000000),
double3(0.202500000000,0.570200000000,0.797500000000),
double3(0.822100000000,0.885000000000,0.322100000000),
double3(0.797500000000,0.929800000000,0.297500000000),
double3(0.822100000000,0.385000000000,0.822100000000),
double3(0.797500000000,0.429800000000,0.797500000000),
double3(0.177900000000,0.885000000000,0.677900000000),
double3(0.202500000000,0.929800000000,0.702500000000),
double3(0.822100000000,0.677900000000,0.885000000000),
double3(0.797500000000,0.702500000000,0.929800000000),
double3(0.822100000000,0.177900000000,0.385000000000),
double3(0.797500000000,0.202500000000,0.429800000000),
double3(0.177900000000,0.822100000000,0.385000000000),
double3(0.202500000000,0.797500000000,0.429800000000),
double3(0.822100000000,0.322100000000,0.115000000000),
double3(0.797500000000,0.297500000000,0.070200000000),
double3(0.822100000000,0.822100000000,0.615000000000),
double3(0.797500000000,0.797500000000,0.570200000000),
double3(0.177900000000,0.677900000000,0.115000000000),
double3(0.202500000000,0.702500000000,0.070200000000),
double3(0.677900000000,0.115000000000,0.177900000000),
double3(0.702500000000,0.070200000000,0.202500000000),
double3(0.677900000000,0.615000000000,0.677900000000),
double3(0.702500000000,0.570200000000,0.702500000000),
double3(0.322100000000,0.115000000000,0.822100000000),
double3(0.297500000000,0.070200000000,0.797500000000),
double3(0.322100000000,0.385000000000,0.677900000000),
double3(0.297500000000,0.429800000000,0.702500000000),
double3(0.677900000000,0.885000000000,0.822100000000),
double3(0.702500000000,0.929800000000,0.797500000000),
double3(0.677900000000,0.385000000000,0.322100000000),
double3(0.702500000000,0.429800000000,0.297500000000),
double3(0.115000000000,0.822100000000,0.322100000000),
double3(0.070200000000,0.797500000000,0.297500000000),
double3(0.615000000000,0.822100000000,0.822100000000),
double3(0.570200000000,0.797500000000,0.797500000000),
double3(0.115000000000,0.177900000000,0.677900000000),
double3(0.070200000000,0.202500000000,0.702500000000),
double3(0.885000000000,0.822100000000,0.677900000000),
double3(0.929800000000,0.797500000000,0.702500000000),
double3(0.385000000000,0.822100000000,0.177900000000),
double3(0.429800000000,0.797500000000,0.202500000000),
double3(0.385000000000,0.177900000000,0.822100000000),
double3(0.429800000000,0.202500000000,0.797500000000),
double3(0.301200000000,0.136300000000,0.863700000000),
double3(0.271800000000,0.121700000000,0.878300000000),
double3(0.301200000000,0.636300000000,0.363700000000),
double3(0.271800000000,0.621700000000,0.378300000000),
double3(0.801200000000,0.136300000000,0.363700000000),
double3(0.771800000000,0.121700000000,0.378300000000),
double3(0.801200000000,0.636300000000,0.863700000000),
double3(0.771800000000,0.621700000000,0.878300000000),
double3(0.698800000000,0.863700000000,0.863700000000),
double3(0.728200000000,0.878300000000,0.878300000000),
double3(0.698800000000,0.363700000000,0.363700000000),
double3(0.728200000000,0.378300000000,0.378300000000),
double3(0.198800000000,0.863700000000,0.363700000000),
double3(0.228200000000,0.878300000000,0.378300000000),
double3(0.198800000000,0.363700000000,0.863700000000),
double3(0.228200000000,0.378300000000,0.878300000000),
double3(0.698800000000,0.136300000000,0.136300000000),
double3(0.728200000000,0.121700000000,0.121700000000),
double3(0.698800000000,0.636300000000,0.636300000000),
double3(0.728200000000,0.621700000000,0.621700000000),
double3(0.198800000000,0.136300000000,0.636300000000),
double3(0.228200000000,0.121700000000,0.621700000000),
double3(0.198800000000,0.636300000000,0.136300000000),
double3(0.228200000000,0.621700000000,0.121700000000),
double3(0.301200000000,0.863700000000,0.136300000000),
double3(0.271800000000,0.878300000000,0.121700000000),
double3(0.301200000000,0.363700000000,0.636300000000),
double3(0.271800000000,0.378300000000,0.621700000000),
double3(0.801200000000,0.863700000000,0.636300000000),
double3(0.771800000000,0.878300000000,0.621700000000),
double3(0.801200000000,0.363700000000,0.136300000000),
double3(0.771800000000,0.378300000000,0.121700000000),
double3(0.863700000000,0.301200000000,0.136300000000),
double3(0.878300000000,0.271800000000,0.121700000000),
double3(0.863700000000,0.801200000000,0.636300000000),
double3(0.878300000000,0.771800000000,0.621700000000),
double3(0.363700000000,0.301200000000,0.636300000000),
double3(0.378300000000,0.271800000000,0.621700000000),
double3(0.363700000000,0.801200000000,0.136300000000),
double3(0.378300000000,0.771800000000,0.121700000000),
double3(0.863700000000,0.698800000000,0.863700000000),
double3(0.878300000000,0.728200000000,0.878300000000),
double3(0.863700000000,0.198800000000,0.363700000000),
double3(0.878300000000,0.228200000000,0.378300000000),
double3(0.363700000000,0.698800000000,0.363700000000),
double3(0.378300000000,0.728200000000,0.378300000000),
double3(0.363700000000,0.198800000000,0.863700000000),
double3(0.378300000000,0.228200000000,0.878300000000),
double3(0.136300000000,0.698800000000,0.136300000000),
double3(0.121700000000,0.728200000000,0.121700000000),
double3(0.136300000000,0.198800000000,0.636300000000),
double3(0.121700000000,0.228200000000,0.621700000000),
double3(0.636300000000,0.698800000000,0.636300000000),
double3(0.621700000000,0.728200000000,0.621700000000),
double3(0.636300000000,0.198800000000,0.136300000000),
double3(0.621700000000,0.228200000000,0.121700000000),
double3(0.136300000000,0.301200000000,0.863700000000),
double3(0.121700000000,0.271800000000,0.878300000000),
double3(0.136300000000,0.801200000000,0.363700000000),
double3(0.121700000000,0.771800000000,0.378300000000),
double3(0.636300000000,0.301200000000,0.363700000000),
double3(0.621700000000,0.271800000000,0.378300000000),
double3(0.636300000000,0.801200000000,0.863700000000),
double3(0.621700000000,0.771800000000,0.878300000000),
double3(0.136300000000,0.863700000000,0.301200000000),
double3(0.121700000000,0.878300000000,0.271800000000),
double3(0.136300000000,0.363700000000,0.801200000000),
double3(0.121700000000,0.378300000000,0.771800000000),
double3(0.636300000000,0.863700000000,0.801200000000),
double3(0.621700000000,0.878300000000,0.771800000000),
double3(0.636300000000,0.363700000000,0.301200000000),
double3(0.621700000000,0.378300000000,0.271800000000),
double3(0.863700000000,0.863700000000,0.698800000000),
double3(0.878300000000,0.878300000000,0.728200000000),
double3(0.863700000000,0.363700000000,0.198800000000),
double3(0.878300000000,0.378300000000,0.228200000000),
double3(0.363700000000,0.863700000000,0.198800000000),
double3(0.378300000000,0.878300000000,0.228200000000),
double3(0.363700000000,0.363700000000,0.698800000000),
double3(0.378300000000,0.378300000000,0.728200000000),
double3(0.136300000000,0.136300000000,0.698800000000),
double3(0.121700000000,0.121700000000,0.728200000000),
double3(0.136300000000,0.636300000000,0.198800000000),
double3(0.121700000000,0.621700000000,0.228200000000),
double3(0.636300000000,0.136300000000,0.198800000000),
double3(0.621700000000,0.121700000000,0.228200000000),
double3(0.636300000000,0.636300000000,0.698800000000),
double3(0.621700000000,0.621700000000,0.728200000000),
double3(0.863700000000,0.136300000000,0.301200000000),
double3(0.878300000000,0.121700000000,0.271800000000),
double3(0.863700000000,0.636300000000,0.801200000000),
double3(0.878300000000,0.621700000000,0.771800000000),
double3(0.363700000000,0.136300000000,0.801200000000),
double3(0.378300000000,0.121700000000,0.771800000000),
double3(0.363700000000,0.636300000000,0.301200000000),
double3(0.378300000000,0.621700000000,0.271800000000),
double3(0.136300000000,0.301200000000,0.136300000000),
double3(0.121700000000,0.271800000000,0.121700000000),
double3(0.136300000000,0.801200000000,0.636300000000),
double3(0.121700000000,0.771800000000,0.621700000000),
double3(0.636300000000,0.301200000000,0.636300000000),
double3(0.621700000000,0.271800000000,0.621700000000),
double3(0.636300000000,0.801200000000,0.136300000000),
double3(0.621700000000,0.771800000000,0.121700000000),
double3(0.863700000000,0.698800000000,0.136300000000),
double3(0.878300000000,0.728200000000,0.121700000000),
double3(0.863700000000,0.198800000000,0.636300000000),
double3(0.878300000000,0.228200000000,0.621700000000),
double3(0.363700000000,0.698800000000,0.636300000000),
double3(0.378300000000,0.728200000000,0.621700000000),
double3(0.363700000000,0.198800000000,0.136300000000),
double3(0.378300000000,0.228200000000,0.121700000000),
double3(0.136300000000,0.698800000000,0.863700000000),
double3(0.121700000000,0.728200000000,0.878300000000),
double3(0.136300000000,0.198800000000,0.363700000000),
double3(0.121700000000,0.228200000000,0.378300000000),
double3(0.636300000000,0.698800000000,0.363700000000),
double3(0.621700000000,0.728200000000,0.378300000000),
double3(0.636300000000,0.198800000000,0.863700000000),
double3(0.621700000000,0.228200000000,0.878300000000),
double3(0.863700000000,0.301200000000,0.863700000000),
double3(0.878300000000,0.271800000000,0.878300000000),
double3(0.863700000000,0.801200000000,0.363700000000),
double3(0.878300000000,0.771800000000,0.378300000000),
double3(0.363700000000,0.301200000000,0.363700000000),
double3(0.378300000000,0.271800000000,0.378300000000),
double3(0.363700000000,0.801200000000,0.863700000000),
double3(0.378300000000,0.771800000000,0.878300000000),
double3(0.301200000000,0.863700000000,0.863700000000),
double3(0.271800000000,0.878300000000,0.878300000000),
double3(0.301200000000,0.363700000000,0.363700000000),
double3(0.271800000000,0.378300000000,0.378300000000),
double3(0.801200000000,0.863700000000,0.363700000000),
double3(0.771800000000,0.878300000000,0.378300000000),
double3(0.801200000000,0.363700000000,0.863700000000),
double3(0.771800000000,0.378300000000,0.878300000000),
double3(0.698800000000,0.863700000000,0.136300000000),
double3(0.728200000000,0.878300000000,0.121700000000),
double3(0.698800000000,0.363700000000,0.636300000000),
double3(0.728200000000,0.378300000000,0.621700000000),
double3(0.198800000000,0.863700000000,0.636300000000),
double3(0.228200000000,0.878300000000,0.621700000000),
double3(0.198800000000,0.363700000000,0.136300000000),
double3(0.228200000000,0.378300000000,0.121700000000),
double3(0.698800000000,0.136300000000,0.863700000000),
double3(0.728200000000,0.121700000000,0.878300000000),
double3(0.698800000000,0.636300000000,0.363700000000),
double3(0.728200000000,0.621700000000,0.378300000000),
double3(0.198800000000,0.136300000000,0.363700000000),
double3(0.228200000000,0.121700000000,0.378300000000),
double3(0.198800000000,0.636300000000,0.863700000000),
double3(0.228200000000,0.621700000000,0.878300000000),
double3(0.301200000000,0.136300000000,0.136300000000),
double3(0.271800000000,0.121700000000,0.121700000000),
double3(0.301200000000,0.636300000000,0.636300000000),
double3(0.271800000000,0.621700000000,0.621700000000),
double3(0.801200000000,0.136300000000,0.636300000000),
double3(0.771800000000,0.121700000000,0.621700000000),
double3(0.801200000000,0.636300000000,0.136300000000),
double3(0.771800000000,0.621700000000,0.121700000000),
double3(0.863700000000,0.136300000000,0.698800000000),
double3(0.878300000000,0.121700000000,0.728200000000),
double3(0.863700000000,0.636300000000,0.198800000000),
double3(0.878300000000,0.621700000000,0.228200000000),
double3(0.363700000000,0.136300000000,0.198800000000),
double3(0.378300000000,0.121700000000,0.228200000000),
double3(0.363700000000,0.636300000000,0.698800000000),
double3(0.378300000000,0.621700000000,0.728200000000),
double3(0.863700000000,0.863700000000,0.301200000000),
double3(0.878300000000,0.878300000000,0.271800000000),
double3(0.863700000000,0.363700000000,0.801200000000),
double3(0.878300000000,0.378300000000,0.771800000000),
double3(0.363700000000,0.863700000000,0.801200000000),
double3(0.378300000000,0.878300000000,0.771800000000),
double3(0.363700000000,0.363700000000,0.301200000000),
double3(0.378300000000,0.378300000000,0.271800000000),
double3(0.136300000000,0.136300000000,0.301200000000),
double3(0.121700000000,0.121700000000,0.271800000000),
double3(0.136300000000,0.636300000000,0.801200000000),
double3(0.121700000000,0.621700000000,0.771800000000),
double3(0.636300000000,0.136300000000,0.801200000000),
double3(0.621700000000,0.121700000000,0.771800000000),
double3(0.636300000000,0.636300000000,0.301200000000),
double3(0.621700000000,0.621700000000,0.271800000000),
double3(0.136300000000,0.863700000000,0.698800000000),
double3(0.121700000000,0.878300000000,0.728200000000),
double3(0.136300000000,0.363700000000,0.198800000000),
double3(0.121700000000,0.378300000000,0.228200000000),
double3(0.636300000000,0.863700000000,0.198800000000),
double3(0.621700000000,0.878300000000,0.228200000000),
double3(0.636300000000,0.363700000000,0.698800000000),
double3(0.621700000000,0.378300000000,0.728200000000),
